100.000000 100.000000 100.000000 1.000000 1.000000 
98.295813 99.062658 99.710463 0.985444 1.001095
97.912393 100.495650 98.582134 0.983491 0.984807
97.514677 100.380909 97.762401 0.990001 0.997981
98.383051 101.641997 98.157889 0.991445 1.005932
97.564457 101.438678 100.085983 0.985382 0.986227
98.844374 102.585643 99.923436 0.988316 0.979081
98.965891 103.485586 101.350288 0.992803 1.006263
99.997191 102.782955 102.475415 1.017041 1.002521
99.153861 102.549012 99.525222 1.012198 1.002384
99.759971 105.970535 97.108821 1.000244 0.988852
100.907193 107.395537 96.413176 0.992752 0.984740
99.443211 105.360866 96.755856 0.986618 0.982991
98.748206 106.798570 95.838779 0.997788 0.975168
97.941460 106.531083 95.843510 0.983977 0.977298
98.483822 105.973881 97.912112 0.993041 0.985099
97.329356 107.206366 98.178918 1.000472 0.996579
97.985818 109.092542 99.259862 0.999235 0.992736
97.882014 111.297353 98.133982 1.002185 0.991215
99.977467 110.135619 98.243658 0.998338 0.989356
99.643608 108.838635 98.242830 0.989922 0.959067
98.263706 109.216244 96.912074 0.996685 0.937523
97.329256 110.340294 96.361299 0.992453 0.955044
97.434449 110.009191 94.859643 0.983804 0.958554
96.812434 113.293665 94.281508 0.975862 0.959781 
95.918873 114.030326 97.505537 0.969444 0.937884
95.788590 115.747699 96.524709 0.971291 0.916966
96.232768 116.573397 95.301377 0.980183 0.893949
95.519263 115.487002 94.126604 0.986693 0.879175
95.820893 114.094032 93.653754 0.983180 0.883585
97.825529 112.642020 93.772623 0.978260 0.901513
96.422897 112.084026 94.868947 0.987261 0.911641
96.153190 112.060607 95.345008 0.998386 0.910416
96.173438 110.564599 94.805933 0.998104 0.898102
94.133594 110.863590 96.276028 0.976625 0.893794
94.305769 112.607994 96.309780 0.972383 0.884638
94.455941 114.377398 97.120823 1.000038 0.874687
97.219878 115.299052 96.601858 0.996237 0.879351
92.712315 114.183561 95.524215 0.979147 0.877432
94.114615 114.552887 95.834989 0.987193 0.881971
92.877624 113.493362 93.490813 0.991848 0.876674
91.945403 114.824701 94.349694 0.975981 0.867150
91.812437 113.993229 94.874560 0.975350 0.854950
91.874348 114.286003 94.117195 0.964347 0.855440
91.368503 115.032288 95.728247 0.972239 0.852068
88.997736 113.467920 93.342150 0.989852 0.850334
87.430530 114.539964 94.801600 0.994206 0.843580
86.427526 113.341147 96.151541 0.996943 0.843332
86.229405 113.294000 95.585182 0.984325 0.852247
84.616590 116.110364 93.249447 0.984478 0.841683
84.790224 117.617853 93.386437 0.997939 0.840466
85.825663 119.070028 92.133761 0.993180 0.846591
85.215364 117.754403 89.140839 1.007428 0.853650
83.900854 115.992582 89.997433 1.004842 0.838648
83.566238 116.705071 89.675333 0.991271 0.850395
85.261451 116.363786 88.248151 0.992925 0.865721
85.461842 115.546020 87.965790 0.994857 0.871559
86.589988 117.485260 88.193171 0.993444 0.869559
86.846645 118.294456 88.447568 1.003221 0.877899
86.753470 118.892445 88.350490 1.017769 0.881683
85.718452 121.151594 87.875153 1.021802 0.861140
86.624469 121.826354 88.648788 1.020629 0.863679
86.316821 122.611278 88.924768 1.013472 0.868432
87.856814 121.301483 89.875052 1.016821 0.862823
87.902015 120.397596 89.406349 1.026205 0.862087
88.858057 119.789504 89.178695 1.061989 0.847671
89.253125 120.324945 88.302985 1.077395 0.850565
88.634234 119.333616 87.165064 1.118598 0.836109
87.101763 120.359336 89.573578 1.142615 0.843460
88.883423 118.628261 91.054258 1.149227 0.854503
89.242318 118.363055 90.758491 1.163274 0.873383
88.935021 118.668437 90.085615 1.166991 0.863202
87.711037 116.456099 88.860687 1.152809 0.872291
89.237284 114.425994 88.978602 1.145938 0.865371
88.654235 114.740523 88.252520 1.147840 0.866883
90.405453 116.420265 87.752947 1.141313 0.862410
91.281277 115.668645 89.350447 1.147443 0.847301
91.760668 116.391583 87.911125 1.127181 0.850963
91.948634 115.007354 88.384598 1.127990 0.851608
93.569195 115.048327 89.442588 1.124293 0.853834
91.921311 111.313875 88.527304 1.125749 0.858955
91.409735 112.220649 87.551618 1.132054 0.857799
92.314083 114.006254 87.143261 1.141775 0.872386
92.536256 112.152366 88.835555 1.173097 0.873903
92.305849 113.094598 88.280791 1.179892 0.865779
91.322068 114.290692 87.189046 1.172949 0.866076
90.982778 113.562366 87.951031 1.166973 0.856760
91.298907 114.197425 88.478582 1.153152 0.851219
90.964567 116.598904 89.038331 1.154465 0.832482
92.333771 117.176455 89.916117 1.156088 0.830065
91.285346 116.455323 91.924302 1.175196 0.835264
88.824442 115.956767 92.095134 1.179764 0.830418
89.239050 116.293814 91.914654 1.187883 0.822758
89.633189 116.977474 93.604227 1.207154 0.824599
89.328279 116.241189 94.170818 1.187226 0.823985
90.234198 114.874150 92.361315 1.204955 0.833871
90.802412 112.469355 92.762467 1.214460 0.835484
92.643521 112.624935 92.672820 1.189497 0.827452
94.775790 112.078941 91.633840 1.167533 0.819773
94.170208 111.732210 89.015112 1.168343 0.825890
94.597937 110.314716 89.539105 1.180139 0.822192
93.734428 109.308272 90.304090 1.183681 0.816900
94.391504 109.356763 90.344106 1.188745 0.810639
93.138189 109.980116 90.477232 1.176399 0.812933
95.404086 109.580214 91.785244 1.181915 0.815181
95.505013 109.086056 91.355846 1.171916 0.788475
94.814630 107.316985 91.054158 1.181528 0.795872
93.547284 107.652825 89.822170 1.201587 0.819825
96.043735 107.460226 90.843985 1.190734 0.832594
96.128138 106.529994 92.000884 1.193474 0.850923
97.902119 106.117303 91.170048 1.201781 0.859127
98.794941 104.524932 92.716791 1.213862 0.850442
98.904640 103.236979 94.122711 1.235867 0.854823
100.553653 104.077349 94.931700 1.211434 0.847098
100.454999 103.883030 97.202796 1.203884 0.856245
101.012771 104.350945 96.397876 1.173277 0.851576
101.753719 100.102479 97.240026 1.148885 0.847009
101.861685 99.731182 97.563803 1.149551 0.826622
101.193137 98.906017 96.285337 1.150230 0.835899
101.597223 94.991011 96.503197 1.143999 0.804907
102.590524 94.450759 95.659553 1.163279 0.804886
103.003692 94.456869 94.289383 1.168683 0.810904
105.339706 96.011763 93.853960 1.164609 0.808092
106.326123 96.541334 92.603814 1.148215 0.803702
104.898499 95.506658 92.847749 1.131173 0.803634
104.705900 94.044815 92.893859 1.115600 0.787554
104.678591 92.642995 91.821261 1.123850 0.777645
106.392609 92.883991 92.880775 1.116389 0.764664
102.178425 92.145309 91.698884 1.101128 0.773308
102.088236 93.641340 89.045798 1.090892 0.787848
99.355741 93.936662 89.111327 1.096418 0.800037
100.032493 94.456892 90.029313 1.091051 0.797611
101.662214 93.400837 89.424883 1.087366 0.790663
100.561259 92.337794 89.470871 1.100655 0.802728
100.859031 92.511711 89.327039 1.114745 0.826614
101.229667 91.474478 88.400769 1.099387 0.835476
98.725313 90.346101 87.468318 1.121456 0.837319
97.168010 88.840448 87.320529 1.107913 0.827474
97.575567 86.986105 87.683927 1.104179 0.823353
97.256747 86.178017 88.369441 1.097829 0.815429
97.151280 87.735021 88.687262 1.073299 0.813790
96.336662 87.989100 88.273872 1.047774 0.820789
95.422015 87.938172 89.545201 1.040179 0.802241
95.556660 87.762356 87.791631 1.039167 0.801771
95.052416 88.611482 87.302243 1.039135 0.799458
95.900918 88.063959 89.250861 1.059033 0.809689
96.616014 85.692234 88.594057 1.044075 0.815015
95.694857 85.578457 89.671081 1.071868 0.821888
97.127020 86.217784 89.067055 1.071105 0.819396
99.358266 86.857025 89.893863 1.049793 0.832182
99.382728 87.075526 89.487501 1.040555 0.817607
98.776508 87.450790 92.025500 1.042018 0.831471
101.164258 86.553606 90.911006 1.035406 0.833741
100.023001 87.608328 90.626128 1.044719 0.813744
99.690904 87.279557 89.355487 1.047043 0.797290
99.794144 88.422538 89.467186 1.039690 0.820679
99.241586 86.715764 91.380858 1.035324 0.815099
101.205558 85.414686 91.205743 1.022166 0.823261
102.593561 86.976116 91.879959 1.029217 0.842777
102.075286 85.692443 92.322415 1.031568 0.836758
102.183423 85.622048 91.523637 1.019708 0.853467
100.836750 84.218615 90.847991 1.007291 0.844685
100.973036 84.627260 92.189899 1.012051 0.854404
100.339354 84.556424 92.542631 0.994114 0.840445
99.899213 85.804469 92.996191 1.002090 0.836704
97.486086 84.401989 90.368290 0.989800 0.828859
97.774785 82.928142 89.733987 0.988000 0.814503
97.601983 84.780310 92.229691 0.983285 0.818796
95.412628 85.366354 91.187091 0.993035 0.795654
93.596064 87.701991 90.106227 1.001886 0.798794
95.244339 87.751249 91.126127 1.023312 0.802422
98.610673 88.179639 91.074421 1.031461 0.807243
97.464094 89.195064 90.915038 1.045250 0.808746
98.060997 88.454517 88.701789 1.047322 0.802127
96.792990 89.157926 90.077536 1.061837 0.802006
98.080423 90.936456 90.612401 1.044053 0.786902
97.495962 91.303214 91.014255 1.079128 0.784224
97.540112 90.336873 92.273650 1.094517 0.777515
95.633228 89.736888 92.672578 1.081291 0.780773
95.786960 88.630277 92.003944 1.090732 0.769380
94.628762 89.559371 92.173511 1.095903 0.766842
97.175007 90.055712 90.711595 1.098091 0.789365
97.917398 88.711628 90.707411 1.073545 0.792625
97.510816 87.953453 92.226591 1.058968 0.789854
96.174819 87.489489 92.046764 1.042618 0.790251
95.674506 87.295720 94.345028 1.047762 0.798249
95.655645 86.700228 93.134131 1.040290 0.790967
93.967388 86.237929 94.242306 1.030210 0.800121
97.294143 86.230565 95.847177 1.053474 0.809588
98.004780 87.617716 96.332127 1.059255 0.804688
98.570457 87.225104 98.059556 1.075063 0.786444
96.176547 85.467589 96.410253 1.074904 0.791044
94.698117 84.510301 93.391580 1.081053 0.795346
96.396511 84.023740 92.574656 1.080190 0.790463
96.761685 84.293594 91.278712 1.072258 0.789934
97.158607 85.181542 93.302505 1.073692 0.793609
96.345278 84.934283 91.834690 1.082188 0.801562
97.323121 86.773531 92.808581 1.064669 0.788604
98.651194 87.497937 92.980756 1.059908 0.788374
97.991983 85.575452 91.244058 1.065206 0.790861
97.933597 86.060736 90.510485 1.064993 0.807132
97.993103 84.779227 90.559925 1.053189 0.793440
98.926013 84.559723 91.062070 1.053572 0.788390
96.756971 83.187378 92.002614 1.044208 0.791200
96.211563 84.760599 91.243582 1.058803 0.789801
96.384638 85.919235 90.631326 1.043549 0.792209
95.997205 86.662691 90.144469 1.045169 0.787217
97.383330 85.985581 87.779195 1.079407 0.792416
96.575100 84.388079 89.553222 1.073931 0.803140
97.193364 85.491372 88.231595 1.052619 0.797269
95.657526 87.597895 88.697848 1.040302 0.820810
93.414044 88.468865 88.364251 1.043765 0.824888
93.640424 87.782887 88.058437 1.061342 0.821033
93.373485 87.501841 88.629604 1.067129 0.827159
95.316163 87.897086 88.971477 1.072517 0.820014
95.484638 89.391243 89.126096 1.059645 0.822476
97.901903 89.647661 90.691460 1.067374 0.822435
97.087447 90.042470 91.682299 1.056910 0.818396
98.382214 89.534465 91.952682 1.075960 0.810544
99.647383 90.264616 92.694688 1.067903 0.824905
100.804719 91.117608 90.798568 1.054567 0.839204
102.663534 92.956362 91.772035 1.048083 0.840472
102.856004 92.445397 91.523474 1.042545 0.849217
104.289222 91.691876 91.062150 1.047290 0.849969
104.954717 91.278764 89.786914 1.029920 0.866894
105.126669 90.221719 91.555159 1.014113 0.865290
104.358212 89.059937 92.356490 1.022575 0.861936
104.164925 88.325387 91.224695 1.008307 0.851806
103.779294 88.124292 92.836204 1.010003 0.867856
103.122690 88.963413 95.499545 1.017370 0.865509
101.774265 88.226983 97.398050 1.012043 0.864676
102.559630 86.356825 97.402803 1.001725 0.858137
101.880418 86.150033 96.517874 1.012288 0.871527
102.176271 86.147900 95.137804 1.007939 0.879117
101.687121 87.517892 94.014475 1.017923 0.843011
101.376113 86.878525 93.210175 1.015816 0.844867
101.857574 86.170681 95.033062 1.011545 0.838817
102.106095 84.579901 94.093121 1.024896 0.819940
102.372338 86.203376 92.819500 1.020443 0.828794
102.502752 84.938332 94.115389 1.012755 0.844525
103.179843 84.131517 95.037078 1.000704 0.855165
103.860255 84.227643 95.501506 0.998131 0.874659
103.667402 84.126634 96.311840 0.962991 0.861453
103.433279 83.913682 94.899519 0.958814 0.859226
102.724260 85.592031 94.616241 0.952788 0.866929
103.346160 85.730514 95.166062 0.941299 0.865583
104.193108 84.637941 95.598125 0.932229 0.862912
105.253260 84.771531 94.554209 0.932033 0.882627
106.849806 86.004250 94.990642 0.936368 0.895331
105.537480 84.549998 95.832372 0.925490 0.893136
106.300706 84.911158 95.226880 0.922538 0.895243
108.772040 85.209547 94.938885 0.931637 0.909920
107.666777 86.160947 93.756316 0.949143 0.901961
108.772088 85.823585 92.294866 0.952326 0.909444
109.894351 84.635371 91.590771 0.963109 0.910836
107.851957 86.490386 89.759825 0.951353 0.893406
107.282371 88.127959 89.021995 0.926454 0.888868
106.806112 87.747115 88.811913 0.916616 0.885738
107.192137 86.475240 88.261623 0.906149 0.868837
106.655379 86.442338 87.931466 0.922009 0.865730
107.083842 87.390747 86.711929 0.929303 0.874215
105.147550 87.957057 86.451547 0.928912 0.869660
105.992404 88.788208 89.292863 0.925474 0.860397
103.791148 87.496770 88.628835 0.922381 0.857114
105.476764 87.737742 86.924795 0.922778 0.847150
104.260911 87.211564 87.022739 0.931514 0.845631
104.388371 87.504409 88.063375 0.930012 0.837635
104.108531 86.327634 88.535550 0.938505 0.829917
103.460393 84.987353 89.988672 0.924604 0.817335
102.880373 83.739853 91.232743 0.931478 0.816599
100.941492 83.018653 90.422534 0.920413 0.813378
100.842936 82.499751 88.548388 0.913225 0.809210
102.418559 83.265870 86.278629 0.925808 0.795224
103.429399 81.860818 85.230419 0.926149 0.795948
102.361041 80.887452 84.846367 0.910654 0.807849
101.278141 80.295563 85.614741 0.905682 0.806296
100.952626 81.513347 85.934244 0.909556 0.804506
100.550478 81.181917 84.230827 0.909516 0.786538
101.913946 81.975907 85.172661 0.934708 0.788525
103.707657 82.825114 84.388584 0.926204 0.793336
106.079481 81.862079 84.683859 0.933225 0.788052
106.672452 82.243907 84.488099 0.928413 0.783542
104.920907 81.995219 82.070744 0.918226 0.788784
104.558261 82.211078 82.688521 0.896888 0.799018
102.677386 83.372850 83.403964 0.903505 0.808759
101.116810 83.689261 83.798141 0.903215 0.805862
102.319623 82.884288 84.602556 0.901561 0.802842
102.396402 86.383392 85.570069 0.885489 0.805756
104.073197 86.035974 84.688865 0.881349 0.801972
105.868506 84.273751 85.918016 0.899458 0.812913
105.717867 83.422634 86.260033 0.897110 0.782678
104.869937 82.605435 85.197245 0.890445 0.795437
108.109720 82.912010 84.299453 0.905428 0.793861
106.903775 82.533125 84.877405 0.916623 0.797144
107.146042 81.419437 84.495102 0.900689 0.801801
108.324074 80.882150 85.250340 0.913882 0.801738
109.826182 80.482153 86.692232 0.907680 0.785069
107.408975 81.467431 87.249056 0.896589 0.796754
107.209876 81.596479 87.651431 0.901431 0.779786
108.278583 81.108373 87.342393 0.901867 0.783775
107.659508 80.925682 85.935256 0.895873 0.778867
106.196995 81.754317 85.984212 0.908736 0.774894
106.554128 83.409034 86.137316 0.911292 0.780632
109.000730 85.649234 85.696912 0.916735 0.777559
108.124795 84.301135 88.878151 0.915062 0.788076
108.171343 83.121450 90.850461 0.904430 0.783621
108.576465 82.779515 90.308553 0.904251 0.786530
105.709439 83.250131 89.943679 0.893651 0.781056
102.771119 83.781292 90.533544 0.900065 0.790343
101.796036 83.158374 90.566954 0.908287 0.802524
99.740269 82.765014 88.692980 0.897195 0.803860
98.181629 82.427346 88.389349 0.902061 0.802541
98.691289 82.260170 87.486764 0.904215 0.803364
100.847854 83.501141 87.983786 0.920127 0.812081
100.433033 81.353069 88.008177 0.916242 0.803040
101.679558 79.194764 85.952231 0.910935 0.804925
102.609581 79.639471 85.529384 0.897124 0.797068
101.591960 78.884836 85.225942 0.876515 0.808446
103.398283 81.129724 85.982323 0.870884 0.828986
102.384694 82.028470 84.651355 0.876921 0.829764
102.645812 80.288540 85.802447 0.859613 0.831827
101.706774 80.948135 87.544223 0.848873 0.827619
102.153477 81.388341 86.437281 0.832628 0.820050
101.197472 82.508801 85.940406 0.833000 0.818773
99.742802 82.895061 86.825951 0.834667 0.825270
100.907160 82.781607 86.546277 0.826791 0.826289
97.984127 81.252268 85.642380 0.834205 0.813321
98.207255 82.094043 87.405173 0.820932 0.829841
97.681251 81.593306 86.079029 0.818393 0.819298
97.201138 82.733977 86.375854 0.826833 0.819346
97.399055 82.714351 85.247117 0.807588 0.834695
96.528393 81.757447 84.633709 0.813130 0.841295
96.511302 84.304888 85.336905 0.820328 0.847062
96.476805 85.443735 87.156974 0.816890 0.853863
95.410741 83.252379 86.600040 0.818975 0.845096
95.861341 84.482091 85.151202 0.805864 0.841478
94.845658 84.250632 84.809717 0.810689 0.841665
93.480734 85.658432 83.993669 0.821383 0.843320
92.080917 85.028417 83.396433 0.811274 0.837062
91.735923 87.040517 84.640177 0.824865 0.850581
91.546012 86.093999 83.968519 0.824795 0.849607
91.978169 86.206029 82.940512 0.832911 0.846427
94.590196 84.627647 82.377152 0.829725 0.862552
94.768730 84.271903 81.366267 0.827060 0.850747
93.429313 84.836916 79.825552 0.819613 0.841324
94.785283 84.848611 79.890892 0.818097 0.847122
95.536044 85.526665 76.764773 0.827327 0.854977
97.948698 84.794805 77.102265 0.830465 0.853952
100.401996 83.695755 78.207879 0.839591 0.861285
99.488978 83.133194 78.239792 0.833694 0.858697
98.749673 82.133937 79.058999 0.828368 0.850170
100.741602 84.182234 78.978636 0.811650 0.855289
100.310699 84.217785 79.391114 0.812254 0.852355
99.998701 83.977866 79.083871 0.801933 0.845028
100.185188 83.692159 78.616051 0.798933 0.840973
99.927935 81.996099 77.488607 0.798387 0.841482
98.019967 81.138457 79.105170 0.787146 0.847055
97.297442 81.677776 79.658614 0.792107 0.850520
99.751268 81.031424 77.886453 0.790609 0.847104
100.158296 83.254056 77.822414 0.798427 0.838876
100.414155 81.974471 76.043130 0.792581 0.834128
101.874537 82.499328 77.286401 0.793834 0.831664
100.376889 82.718985 76.294777 0.788390 0.819033
100.527304 82.247220 77.791580 0.791932 0.806925
100.489860 82.451383 78.569706 0.790705 0.802581
101.409044 82.706934 78.371484 0.799079 0.810855
101.330045 84.332422 78.901109 0.793595 0.801127
102.333137 84.587336 79.815260 0.786984 0.797390
102.415346 85.208818 79.802959 0.802230 0.796396
101.886772 84.341370 79.070266 0.803786 0.779871
101.188151 84.983198 77.530972 0.792087 0.786091
100.026191 85.829332 79.155943 0.798391 0.794100
102.121508 87.187365 79.397137 0.813343 0.796455
100.154371 86.786031 78.605372 0.802141 0.796537
101.093789 88.434101 78.684072 0.782442 0.798582
101.072380 88.604994 78.771891 0.780279 0.797947
100.573217 88.753512 76.084184 0.776002 0.796771
100.256701 88.274419 77.336794 0.779638 0.802980
100.532588 88.273719 76.499108 0.787321 0.794225
100.546302 88.382000 76.086919 0.787743 0.805047
98.602541 87.457439 75.287320 0.781610 0.790249
99.326802 88.273821 76.447489 0.793424 0.776407
96.547602 87.767839 77.865541 0.795691 0.785313
96.901334 85.484003 76.526990 0.778288 0.797404
99.316654 86.525973 76.362694 0.761527 0.797021
97.672373 85.502474 75.642392 0.749460 0.787119
96.112460 85.576847 76.793520 0.744158 0.801709
96.297100 86.251864 76.947178 0.742867 0.794571
98.709669 87.169001 76.495766 0.759536 0.800573
100.471500 86.069417 76.861177 0.771185 0.805104
102.947541 86.630973 78.409000 0.776463 0.817803
103.638835 86.608006 77.433526 0.770988 0.801518
101.029721 83.828098 77.721785 0.775544 0.808128
102.655016 83.329644 77.665469 0.778112 0.816690
103.759770 84.411957 77.379085 0.777529 0.814661
105.580785 83.176685 76.612837 0.773453 0.806162
104.096312 84.085316 76.374971 0.781778 0.787257
102.459952 83.048641 74.400210 0.775898 0.777660
102.631374 82.475531 74.298383 0.751186 0.771730
103.319719 80.471325 74.597633 0.761450 0.777308
103.836496 80.024747 75.436359 0.762203 0.780527
102.671716 78.113663 75.660297 0.757008 0.787084
99.286861 79.575716 74.350757 0.743522 0.786558
99.060831 78.903733 74.098481 0.734843 0.784096
98.614622 79.494564 73.569417 0.732694 0.780671
98.640632 78.550556 72.049144 0.741554 0.771507
99.275194 78.437951 72.010491 0.738226 0.770942
99.513181 77.377089 72.627574 0.740803 0.780123
98.746121 77.601669 71.805445 0.743248 0.772422
99.617545 76.757853 72.037698 0.731931 0.766554
101.370572 74.749379 71.670878 0.739677 0.773964
102.630805 74.447926 72.814191 0.739880 0.759184
105.615994 73.457581 73.447137 0.727701 0.759182
105.009040 74.486878 72.886863 0.722323 0.766006
108.995029 75.746950 72.580010 0.718536 0.754491
110.247397 75.020219 73.712312 0.724296 0.765314
110.902348 76.017482 73.666259 0.718377 0.777919
108.208553 78.053975 73.953830 0.727011 0.770760
109.765628 76.824625 72.618891 0.721858 0.780435
109.727020 77.442698 73.817636 0.716367 0.772814
109.511506 77.842749 73.035766 0.713931 0.781252
111.023925 79.351632 74.541765 0.722152 0.776221
109.917994 78.066673 72.927970 0.733851 0.781475
110.488985 77.621112 73.947325 0.744404 0.782688
109.715326 75.834766 73.854480 0.726830 0.778980
111.513866 75.238643 73.768439 0.720492 0.778267
110.102535 75.952329 72.802397 0.718072 0.782099
105.718335 75.041446 72.162080 0.707830 0.789931
105.792948 75.494060 73.084218 0.707736 0.804687
106.652063 76.551264 73.734510 0.717783 0.809337
110.811915 76.897121 74.697331 0.718105 0.813218
109.316232 76.773499 74.942420 0.705774 0.809668
109.253558 76.484321 74.805699 0.694064 0.815487
109.819789 75.114243 74.033145 0.716125 0.821569
111.502901 75.167615 73.494780 0.706000 0.809487
112.786714 76.108079 73.647029 0.705647 0.819115
112.402711 78.055264 73.460699 0.730386 0.828544
114.609810 77.530003 72.633591 0.729916 0.819682
113.745469 76.629439 73.688176 0.760483 0.823228
113.331893 75.892199 73.017846 0.770080 0.839912
112.243937 76.245953 72.642697 0.758751 0.825549
114.171303 76.959437 71.229037 0.756524 0.824514
115.195255 77.624226 71.767124 0.757510 0.823433
114.829396 76.429576 71.592594 0.748209 0.810165
114.613272 75.190662 71.610220 0.741614 0.819929
115.153672 74.742377 70.417267 0.740622 0.818540
115.752208 74.428392 70.038521 0.739514 0.818820
115.041656 74.796182 68.907259 0.731226 0.819118
112.102113 74.922489 69.715746 0.726331 0.803686
113.305966 75.015790 71.104875 0.741178 0.801430
114.357347 74.059292 72.947885 0.744858 0.795700
115.294943 73.390994 72.840935 0.734267 0.791878
117.159350 71.956744 71.724291 0.723522 0.774278
115.641504 71.713446 72.093126 0.730285 0.769590
115.282193 70.247254 70.833035 0.719326 0.760704
116.878836 69.827873 69.868980 0.707303 0.748574
117.211332 71.122350 70.915177 0.719560 0.744808
115.827916 72.475842 70.528423 0.713576 0.747183
113.618721 72.807807 71.852552 0.719838 0.750598
114.900612 73.347361 72.328070 0.710680 0.742081
116.476641 74.376188 72.482615 0.722236 0.768951
114.799355 74.065045 72.178618 0.719368 0.771927
115.543329 74.079177 70.826813 0.700085 0.768841
114.124773 74.568375 72.307656 0.700077 0.780150
113.257478 74.561821 71.271902 0.691623 0.772014
114.164634 73.181248 71.445059 0.679633 0.777057
115.607598 73.471014 72.271350 0.688420 0.793118
115.935330 74.440906 72.767849 0.682295 0.779843
115.575154 75.443892 71.969874 0.694809 0.786023
116.643068 73.323965 72.749860 0.693560 0.767932
118.962301 72.678845 73.233409 0.694006 0.782794
119.509079 72.093290 73.730986 0.681966 0.771196
119.539755 72.332225 74.220463 0.658718 0.779013
122.119129 71.873782 73.881118 0.659176 0.772260
122.965961 72.013742 73.610942 0.644472 0.762370
124.006925 71.695113 73.231552 0.641960 0.752610
123.496736 72.416250 73.185414 0.639071 0.743856
122.285136 73.106903 75.629138 0.638613 0.734866
123.385585 73.116607 76.135443 0.638024 0.748269
123.438469 74.558269 77.277529 0.639584 0.740701
125.091377 76.878537 77.796472 0.644642 0.754297
123.224800 77.995729 77.202484 0.655291 0.763748
123.213794 79.285966 76.509278 0.652792 0.751511
122.463966 79.756204 76.214484 0.643149 0.752470
120.295801 80.612290 76.699188 0.634421 0.752275
121.080615 81.767550 76.133700 0.637507 0.748715
122.157627 82.674889 77.086200 0.647920 0.736833
124.632110 83.565410 77.168780 0.647017 0.739743
124.834349 82.676276 77.266684 0.656650 0.725867
125.600570 81.582846 76.940211 0.651927 0.730756
127.222676 80.058523 78.627227 0.665214 0.719864
129.385481 81.272429 79.796253 0.647026 0.732926
129.819082 82.242821 79.756599 0.650963 0.724363
128.847703 83.099505 78.755615 0.647693 0.733730
130.859748 84.188199 81.245379 0.666833 0.735459
131.836830 85.034313 81.065312 0.654312 0.732257
132.512504 84.631513 80.803830 0.650416 0.730835
133.282973 85.458613 82.328207 0.647286 0.744017
132.773545 85.500408 82.103830 0.644852 0.745335
131.612557 85.377395 82.429073 0.636999 0.745305
132.065096 84.011362 82.029381 0.643001 0.761862
133.548262 82.681444 82.578483 0.644058 0.777872
132.995267 82.205303 81.438685 0.633834 0.783063
133.914883 83.206185 80.531954 0.649390 0.778575
134.743674 83.042517 79.893759 0.669574 0.775543
132.966871 82.490665 80.354177 0.673693 0.772753
132.967235 82.507368 79.570971 0.672187 0.778944
135.463271 83.042874 80.964125 0.658094 0.775319
135.280632 83.496584 81.256237 0.666841 0.771198
135.788541 84.909975 84.025281 0.660457 0.773006
136.070755 85.861549 81.761499 0.666916 0.789490
133.190519 84.034650 81.459403 0.670386 0.801491
133.311109 86.070863 81.769093 0.651696 0.794403
129.846370 85.458143 81.395815 0.644416 0.797537
126.447866 85.332441 79.932725 0.654559 0.789494
123.316063 85.020515 79.093551 0.655057 0.781307
121.776115 83.763887 78.047184 0.647084 0.796093
124.157674 84.369667 79.263165 0.661641 0.786010
122.689780 82.826844 79.434570 0.664185 0.792842
121.178228 83.837020 79.226259 0.663045 0.790159
123.423228 83.942757 77.623795 0.671886 0.770786
124.084983 84.619594 76.643586 0.684512 0.785349
125.046447 83.301799 77.290653 0.688606 0.791143
125.427252 82.810159 78.224125 0.684731 0.767768
127.244099 81.995679 78.307625 0.678711 0.752679
125.529359 81.186859 78.384794 0.681295 0.752681
121.684586 79.769705 78.039310 0.677046 0.748334
121.761689 79.870169 80.151836 0.686395 0.744757
119.944471 79.064030 80.148380 0.678672 0.748936
120.146061 79.169375 81.633220 0.695668 0.740277
120.931822 79.660276 82.844812 0.709006 0.735531
120.130588 80.278960 83.801580 0.702583 0.718445
118.758685 80.889693 85.448813 0.698716 0.718646
120.376922 81.506451 86.724251 0.693890 0.721418
119.694522 81.732610 86.403898 0.698326 0.735997
118.926795 80.648367 87.577697 0.706033 0.734910
118.901755 84.288414 87.867830 0.702724 0.729012
117.309763 84.669856 87.895518 0.704262 0.716082
114.234095 85.169437 88.117009 0.721448 0.728955
111.516006 84.663059 87.553176 0.720338 0.713064
108.400614 84.109923 87.119627 0.732501 0.712036
108.687563 86.273506 88.454981 0.737755 0.708148
110.074124 83.917714 87.823414 0.747899 0.707538
110.358063 83.384121 89.564893 0.756294 0.700622
109.626891 83.320090 89.917442 0.773409 0.702488
107.905320 83.030301 89.484640 0.761545 0.693305
105.923778 81.545757 90.078648 0.766618 0.674071
105.449071 80.252017 90.586876 0.772477 0.667848
104.742287 79.700994 90.249264 0.787899 0.674604
102.897577 78.472440 90.453620 0.784311 0.666601
102.055651 79.131085 89.741975 0.773357 0.671513
100.732040 79.910545 89.550718 0.781368 0.668993
102.444971 81.151370 88.795565 0.771391 0.663896
102.142787 83.245599 89.843617 0.772808 0.656607
102.846527 83.283565 89.213492 0.779231 0.653017
105.121484 83.908577 90.149077 0.773327 0.657393
106.624291 85.270061 90.622306 0.771859 0.660456
109.174607 86.401242 90.917134 0.778614 0.655430
109.600272 87.354142 89.948035 0.782529 0.659309
110.196533 86.739660 88.078881 0.773176 0.655161
109.062776 86.625111 86.593095 0.781860 0.650648
108.834251 87.191950 84.237527 0.778368 0.652260
110.832807 87.550361 86.254403 0.771946 0.655245
112.867916 88.935947 84.582904 0.759433 0.653171
114.344472 88.761301 84.430160 0.751793 0.659908
113.720390 89.070460 84.969870 0.747961 0.654412
114.417018 87.168784 84.346802 0.746409 0.646552
112.038757 87.276443 84.484911 0.732523 0.643059
114.132555 88.785841 82.942746 0.739904 0.638273
114.894429 88.514920 81.952483 0.751622 0.639593
114.816693 89.460419 81.056978 0.749450 0.628032
114.883435 88.570362 82.558585 0.736067 0.629454
114.598742 90.011307 81.526563 0.742289 0.621694
114.147745 88.242758 81.338771 0.738226 0.631560
112.977584 87.583597 81.680883 0.742542 0.649113
113.059426 86.617714 81.095777 0.759238 0.652161
111.906827 87.642998 80.655848 0.758297 0.647291
111.668729 87.547301 79.902386 0.753222 0.644892
113.643728 87.851355 79.460431 0.760156 0.648348
112.728392 87.632365 79.206680 0.761437 0.644845
113.437610 86.495576 79.342978 0.755128 0.642050
112.349243 88.051924 79.046878 0.741812 0.635792
114.493379 88.963297 78.124861 0.752612 0.642287
116.274040 89.894660 77.172996 0.765594 0.643693
117.222435 90.636466 76.707199 0.761343 0.638854
116.994352 91.428357 76.414391 0.785156 0.641510
119.148686 91.367338 77.086966 0.786987 0.640421
119.019035 90.617893 76.677375 0.793936 0.650312
120.211731 90.348926 75.612898 0.795329 0.651706
124.939794 91.464721 77.461906 0.805072 0.662398
124.328453 92.680189 77.758754 0.816784 0.661600
126.155660 94.471385 77.722074 0.822557 0.653989
129.566262 95.545310 77.153956 0.810848 0.655880
125.883874 93.895387 77.293210 0.816348 0.644535
125.689970 92.881987 78.930873 0.812168 0.632630
123.168225 92.614765 79.063676 0.803327 0.633323
122.184538 93.872819 77.681876 0.803713 0.626708
120.246518 94.558693 78.396183 0.814143 0.627575
119.994590 95.204570 78.922064 0.806218 0.629205
117.917276 95.011297 78.827805 0.800332 0.624651
118.874190 94.019972 79.121708 0.786578 0.615141
119.019993 94.276059 79.107325 0.789359 0.628072
116.979990 94.288558 76.854407 0.797411 0.630456
115.018998 92.528677 77.877451 0.796911 0.642299
116.674379 92.343279 77.105656 0.781497 0.634273
116.962530 92.095806 77.095306 0.777542 0.621846
118.562308 93.800265 76.979526 0.769143 0.634738
117.659674 92.722089 78.237016 0.769742 0.634520
114.761323 92.368741 78.797048 0.767898 0.624452
114.948219 94.080461 80.357773 0.762204 0.616263
117.303005 95.621841 80.171378 0.773735 0.624574
116.169856 96.413602 79.527773 0.760141 0.619586
118.351953 96.547850 79.665616 0.750864 0.616866
116.234764 96.795716 80.422589 0.755397 0.606845
117.607603 96.158176 79.107404 0.753300 0.609007
115.941040 94.753392 78.273844 0.751437 0.609335
114.431907 92.415884 76.872245 0.748179 0.602173
111.987528 91.022805 75.064586 0.734289 0.592719
111.176889 91.442521 73.807795 0.725630 0.579585
111.575764 91.993735 75.343935 0.732107 0.582286
110.090798 91.058744 74.872758 0.729944 0.577600
112.575940 90.342811 75.612963 0.724430 0.578028
112.200573 90.905422 75.384623 0.706853 0.569818
113.605878 90.944695 75.560691 0.716506 0.570088
116.886050 91.589739 75.221864 0.723171 0.580327
116.198307 91.264244 74.527022 0.730282 0.578320
116.034541 89.875376 75.226277 0.727537 0.580700
113.098420 90.363006 75.196921 0.720341 0.582873
114.182918 91.712857 74.762745 0.732103 0.576604
113.807030 91.838529 74.437366 0.709550 0.577663
113.313201 91.633811 74.324704 0.707652 0.586956
116.015349 94.599158 75.523888 0.711031 0.589714
116.577452 94.781670 76.765636 0.724713 0.584169
112.897403 93.699087 76.293185 0.730567 0.583040
112.340962 95.981339 76.320591 0.728759 0.595630
110.511038 94.952116 75.047475 0.716257 0.588026
111.783945 95.671352 75.436936 0.709094 0.591801
109.004520 94.203684 74.507805 0.700423 0.596337
107.563823 93.810038 73.759948 0.684710 0.607893
107.208976 93.200039 71.621851 0.675534 0.613660
107.762744 92.721418 70.949166 0.684194 0.620221
108.755133 91.350898 72.319298 0.686857 0.614392
107.429498 91.965883 72.010759 0.695863 0.619373
107.085507 90.195103 68.401361 0.685359 0.635895
110.619633 92.439431 68.534317 0.682416 0.642301
112.667639 90.302820 69.385843 0.665402 0.646297
110.602563 90.413459 69.739232 0.669562 0.638236
108.717154 89.693247 69.368835 0.665624 0.634218
109.215953 88.836683 69.225715 0.655891 0.638430
108.814558 88.462371 69.702116 0.654140 0.645367
108.419339 88.450208 70.115460 0.650951 0.645154
107.567369 87.263565 69.066463 0.654765 0.633686
109.196369 86.550617 69.084885 0.653634 0.622697
109.780056 88.068856 70.930135 0.676594 0.618434
109.123981 88.499529 71.686720 0.677500 0.618545
106.272042 88.437096 72.237184 0.660227 0.611343
106.737711 88.394570 71.628168 0.674560 0.611162
107.868306 88.508825 70.402710 0.677042 0.620126
106.017439 91.103355 68.265508 0.664045 0.626442
104.776228 89.987992 68.297253 0.669331 0.632440
103.881506 88.945913 67.921041 0.664608 0.617862
104.415686 88.264284 67.582042 0.668694 0.618329
105.235071 87.691942 67.650772 0.681536 0.626719
107.195756 87.941095 68.538660 0.681136 0.638497
106.038237 88.095681 69.433912 0.669957 0.644152
104.438658 87.553186 69.953196 0.666858 0.644756
104.178668 88.605906 70.885155 0.664656 0.650794
103.860797 89.743393 69.682717 0.653044 0.658135
102.998072 90.484873 68.365575 0.652937 0.672349
105.559265 91.896195 68.784403 0.656576 0.680745
105.230123 92.455208 70.981566 0.654299 0.695455
106.360500 92.032398 72.552318 0.647178 0.691708
105.546106 94.035874 72.242982 0.655132 0.697580
107.532069 96.070462 72.726159 0.649297 0.703855
108.490672 97.572431 73.170245 0.668387 0.710495
108.953592 97.677814 72.223295 0.658935 0.718432
108.905745 98.667553 72.289899 0.676636 0.722931
108.496539 100.402060 73.432505 0.695650 0.745617
109.406603 99.926971 73.723629 0.704723 0.731866
108.570290 99.731676 74.355744 0.705814 0.737328
109.869062 100.577418 73.720032 0.704605 0.735419
108.580997 101.883564 71.304974 0.704726 0.735848
110.614562 100.695713 71.029071 0.716672 0.736240
110.989970 102.467822 71.165503 0.728477 0.750123
112.418853 102.784374 71.380525 0.716432 0.750426
112.586550 103.098071 72.523563 0.707734 0.742605
112.968175 102.204289 71.653404 0.693358 0.739391
112.062244 102.446585 72.203148 0.690616 0.744407
112.437885 102.680832 72.410200 0.689679 0.744542
110.997704 102.780426 73.136670 0.700487 0.737032
109.927247 101.570414 73.904216 0.713488 0.721259
106.714980 100.622138 74.112591 0.731814 0.719267
105.467816 102.055007 73.901270 0.736194 0.722803
104.871746 103.367337 74.520429 0.733600 0.720603
105.152803 104.118819 74.407906 0.734247 0.727343
105.237899 104.872042 73.793412 0.732233 0.726189
105.490396 103.010453 74.494120 0.722014 0.729918
104.356075 102.254123 73.028524 0.718761 0.723241
105.214808 102.134493 73.391043 0.730253 0.710298
102.571648 100.290907 70.897530 0.723792 0.718699
101.003139 98.702606 69.947518 0.713591 0.694325
99.922796 99.056442 68.526481 0.702560 0.681160
101.589065 97.797685 68.106212 0.697865 0.682467
102.211322 98.272983 67.810339 0.678328 0.680014
102.651675 98.021855 67.081408 0.681238 0.682328
103.145749 98.276797 66.884495 0.673212 0.684774
103.652674 99.179424 68.131784 0.685424 0.689115
101.999668 98.577165 68.355704 0.680829 0.683244
102.475386 96.261338 68.114877 0.681322 0.683712
101.946773 96.732152 66.784471 0.681761 0.695547
101.562637 95.172018 65.654278 0.692644 0.700077
102.316951 92.487838 65.414173 0.702119 0.694559
101.895545 93.974598 64.666273 0.712756 0.698147
102.117595 92.858464 63.864890 0.716095 0.702752
101.655648 93.211000 64.653792 0.711592 0.716289
101.272227 93.083956 64.710652 0.705686 0.708367
102.430638 91.991921 64.452317 0.694595 0.720402
101.727524 92.004947 64.180748 0.692368 0.730760
103.701462 91.154064 63.974830 0.688051 0.732543
104.509362 91.762016 64.117844 0.693265 0.723099
104.954784 91.287643 63.950932 0.688251 0.727729
105.088962 90.956761 63.499660 0.683620 0.732218
104.835611 91.821313 63.906110 0.678792 0.739706
105.066767 92.945693 64.626791 0.690122 0.736849
104.239573 93.059285 65.386729 0.705639 0.743542
104.983093 93.205026 65.687218 0.712033 0.761670
105.932151 93.025291 64.388019 0.718542 0.766556
104.983546 91.994230 64.422946 0.715075 0.744142
105.199064 93.437738 64.728852 0.706173 0.746636
104.890423 93.649681 64.546543 0.721392 0.743681
105.826241 92.995824 63.653109 0.714110 0.745958
108.353082 92.370898 62.775541 0.726708 0.741803
106.015304 92.891301 63.024795 0.719922 0.722752
106.533853 95.517401 63.548371 0.732493 0.725221
106.092798 95.826096 64.804467 0.717028 0.708091
104.568523 96.730990 64.474153 0.708835 0.717154
107.264761 96.909174 67.265398 0.712396 0.693890
105.141635 96.982010 67.321015 0.695151 0.693426
103.720076 100.701221 67.509491 0.686556 0.701153
101.522114 100.137620 66.742283 0.688338 0.713913
101.102691 99.707894 67.239730 0.696930 0.718145
101.329921 100.891115 67.391984 0.701746 0.728343
100.854551 101.704225 65.717099 0.698104 0.734327
99.753105 101.312567 66.292824 0.708051 0.735612
101.413900 100.174619 66.169401 0.704746 0.751676
104.667559 100.305253 64.585481 0.708703 0.767269
106.784552 99.714290 63.696430 0.699640 0.767893
105.569443 100.983441 63.779638 0.692596 0.779201
105.946592 100.343147 64.159454 0.688227 0.774074
104.655457 97.378880 63.546308 0.670471 0.764962
107.338935 96.211490 63.245046 0.667436 0.751088
107.132755 95.704558 62.061542 0.665870 0.748840
107.494723 94.075327 62.531776 0.671972 0.752236
107.140936 94.391273 62.401153 0.664403 0.749886
108.375195 93.853369 63.724681 0.650354 0.758968
108.745749 92.370199 62.943748 0.656255 0.758809
109.188728 93.746616 63.181110 0.658997 0.754166
110.644540 94.040685 63.668146 0.659571 0.757836
111.028526 93.214488 63.919238 0.662092 0.769424
112.781655 93.665680 63.667722 0.653494 0.748478
114.023170 95.352368 64.188479 0.656345 0.750625
114.319574 95.114178 63.427406 0.651152 0.749590
112.690245 97.290954 61.156224 0.656546 0.758344
114.068111 97.045952 60.800622 0.664623 0.753143
113.819270 97.385358 61.898880 0.645683 0.765212
112.980522 96.428691 61.401232 0.641875 0.768780
112.792252 97.442770 61.304858 0.642854 0.763760
111.044211 97.124538 62.229822 0.644798 0.761936
110.133654 97.398611 62.144871 0.636357 0.769075
111.510354 96.879142 62.277277 0.631714 0.759384
113.633145 97.079191 63.372308 0.640004 0.757366
112.643831 96.434474 63.202151 0.636758 0.747285
111.534048 97.770183 63.577127 0.627894 0.741564
111.108017 98.846680 63.332030 0.632701 0.750837
110.204643 98.762890 62.524176 0.632113 0.752612
112.146267 100.819009 62.639377 0.639509 0.769507
112.449923 101.003897 62.383585 0.643068 0.763403
110.831016 102.741857 62.395160 0.639345 0.760125
111.341260 100.281147 62.887112 0.648902 0.768393
110.558563 100.621561 63.766961 0.645502 0.761634
112.500140 100.031547 64.423256 0.658725 0.758362
110.653333 100.160286 64.678484 0.657392 0.763093
111.457902 101.154204 65.073280 0.670693 0.758311
110.914625 102.501257 65.982365 0.656124 0.765811
111.799446 102.517793 65.989350 0.641104 0.770795
113.184202 102.813114 65.990971 0.633462 0.763714
114.885305 103.517860 66.953023 0.639009 0.785295
114.729360 106.093928 67.366353 0.644282 0.778495
116.317155 104.943654 67.595660 0.628980 0.789092
115.713774 105.357006 68.508229 0.645290 0.789192
113.968568 107.400069 68.161251 0.655746 0.794936
113.496479 107.918948 67.850656 0.645607 0.787561
113.783320 108.473479 67.093118 0.630962 0.794635
115.159336 108.856702 65.512624 0.615506 0.789040
114.959032 110.215173 66.153445 0.608735 0.801275
118.856104 109.903713 67.281111 0.607273 0.802920
118.183961 110.792739 68.297393 0.600554 0.808711
116.827420 111.956255 67.222732 0.608957 0.816075
115.956292 112.604504 66.169161 0.608244 0.817288
117.103659 111.157271 67.289452 0.620464 0.813273
117.890794 111.343546 67.408538 0.615620 0.803512
118.747452 112.018845 67.514378 0.616945 0.800667
119.939650 112.440484 67.522586 0.613444 0.803078
120.960924 110.498765 67.090192 0.615609 0.801797
120.207356 109.198659 66.658365 0.619443 0.814146
120.881875 111.960793 65.974452 0.627554 0.825892
117.429288 111.981101 66.053434 0.618646 0.829290
115.967699 116.466803 65.589378 0.623355 0.819906
117.747239 114.048533 67.295362 0.622386 0.808383
118.416270 113.833403 68.111254 0.625425 0.802910
115.399654 112.876840 68.375340 0.620050 0.786675
115.169572 113.720485 67.482702 0.625201 0.778333
114.635495 114.040483 69.381420 0.629760 0.778105
113.939488 114.066086 69.545953 0.616745 0.767611
113.552948 112.625995 68.617232 0.629665 0.760996
112.532156 111.354552 68.286778 0.643684 0.773341
114.421036 111.981594 68.779797 0.649757 0.793219
115.436075 112.149639 67.646775 0.659985 0.797002
113.463984 115.158377 68.356466 0.660965 0.808896
113.872732 116.898853 68.368553 0.669340 0.815464
114.167941 116.024568 68.811212 0.675042 0.817065
114.308255 116.794605 69.369527 0.678755 0.810187
116.859064 115.522722 69.746600 0.680319 0.804891
118.088196 116.688142 68.929714 0.692988 0.802190
119.612893 117.646503 68.702852 0.693010 0.796191
119.177354 116.075586 66.635893 0.683126 0.773361
115.411000 113.952872 66.024904 0.677190 0.770722
115.474884 115.646473 65.168168 0.694632 0.772205
115.879442 116.456613 65.594951 0.698144 0.767327
115.211229 116.790419 66.038495 0.711047 0.776316
113.099841 115.568727 64.951770 0.705067 0.751177
113.152442 116.934365 65.060127 0.704814 0.743385
112.251032 116.763958 65.736704 0.725902 0.750270
109.788904 116.486818 66.087834 0.737276 0.753345
109.407022 114.620141 65.172727 0.735097 0.745213
108.332139 113.520338 64.265779 0.739979 0.744272
108.009531 110.194763 63.377757 0.750186 0.749395
105.781842 111.126751 62.619036 0.773814 0.731795
105.544800 110.824610 62.357214 0.781878 0.738303
104.639333 111.130855 62.627032 0.775402 0.750902
104.739154 111.540643 62.613469 0.776142 0.749551
104.664644 110.629820 61.994720 0.766822 0.744881
104.126427 110.660953 61.193548 0.757934 0.761330
105.355688 110.502976 59.887768 0.744902 0.762871
105.865387 110.861923 59.815797 0.762119 0.750418
105.563990 110.304981 60.422109 0.756092 0.731403
107.536246 110.885117 60.298499 0.764774 0.723426
105.813585 109.240315 60.759477 0.762776 0.703254
106.944794 108.232176 60.891087 0.754469 0.691767
107.617620 109.171170 60.886671 0.745732 0.698444
108.446521 108.918794 61.438232 0.751699 0.693820
108.408458 112.323496 61.645067 0.755978 0.681325
109.701241 112.833398 62.977976 0.783102 0.680489
110.735124 112.823251 61.694517 0.763829 0.680165
113.086506 111.998126 61.338619 0.774847 0.682149
112.532762 111.186354 60.786304 0.764799 0.683499
114.880330 110.699204 61.616692 0.795043 0.703476
116.319152 110.671503 60.048205 0.777432 0.698540
115.839586 113.602666 59.576362 0.781329 0.688882
114.851310 116.074729 60.057415 0.789863 0.694026
114.129435 115.109406 59.989510 0.776505 0.700452
114.348117 115.237065 60.827543 0.785467 0.697544
115.220082 114.981239 61.169924 0.794634 0.693875
114.740028 116.009869 61.419917 0.804531 0.704356
114.991961 116.161720 61.205016 0.796193 0.706706
113.808689 116.747868 61.947225 0.803068 0.703068
115.520482 116.956301 61.720977 0.808555 0.687399
115.775201 117.250310 61.459928 0.804214 0.690382
115.358141 116.846009 62.259794 0.807435 0.690924
116.034957 119.375983 62.849517 0.794384 0.704020
117.294629 120.145433 62.801265 0.803994 0.708929
117.478812 118.853194 61.800930 0.796685 0.702101
117.554640 120.014474 62.335836 0.786429 0.686040
118.537898 118.486761 63.125243 0.791581 0.689991
119.391663 120.208658 63.930203 0.804405 0.678259
120.347870 119.646276 63.937122 0.804197 0.664066
123.468671 121.477945 64.031084 0.807223 0.678325
123.440691 118.832529 63.898685 0.788511 0.675989
121.853613 119.457832 65.083195 0.796415 0.676394
119.913270 120.574407 65.264903 0.807370 0.678159
122.424756 120.795402 65.890251 0.789598 0.701072
121.719748 119.973664 65.532252 0.788634 0.696518
123.661224 118.483213 65.421465 0.784510 0.701884
124.194677 117.171368 64.944535 0.803884 0.682230
125.183063 118.283989 65.849450 0.806753 0.683601
125.453595 120.814641 65.300597 0.822324 0.680091
123.752111 121.156257 63.329351 0.825571 0.682688
123.902264 119.984484 62.929248 0.830715 0.675370
124.412307 121.749197 62.475980 0.841187 0.673253
126.022667 120.462946 62.471220 0.818974 0.659433
128.884858 119.472618 61.858543 0.819732 0.655398
128.792666 119.630627 61.482547 0.824333 0.661838
128.647884 122.364908 62.305958 0.834402 0.662649
130.235125 123.752447 62.317089 0.819541 0.657158
132.518755 124.025728 61.589902 0.814258 0.653836
134.626099 123.556016 61.455968 0.821943 0.652610
134.606797 122.228851 60.568430 0.821455 0.649238
135.660335 121.907461 60.904891 0.825003 0.666426
137.732035 123.851553 60.952818 0.822117 0.665088
139.243166 125.593147 61.001128 0.832381 0.657533
138.003944 128.839049 60.495928 0.820896 0.652975
137.533901 127.734224 60.488516 0.806803 0.658426
138.783416 126.364471 59.167112 0.806936 0.656269
142.143866 125.345328 58.476071 0.805677 0.653756
142.469904 124.069822 57.202995 0.804705 0.651252
143.832406 124.466577 57.956582 0.810083 0.644233
144.017686 125.408144 57.813238 0.800617 0.653564
143.954317 122.746442 57.198502 0.781817 0.656986
145.943553 120.493234 57.373016 0.806012 0.662583
144.678245 120.981134 58.578153 0.821215 0.664970
147.210351 119.461375 59.309570 0.819763 0.661263
146.700310 117.231893 60.019748 0.827177 0.671533
148.429793 117.451399 61.676631 0.831007 0.680362
146.589709 116.951485 60.450255 0.829133 0.690857
147.472240 119.449351 60.507886 0.828082 0.694045
147.932598 120.953235 61.363231 0.832490 0.694006
149.230337 124.897955 60.974610 0.839841 0.692722
148.906945 122.808131 60.513855 0.825681 0.684478
150.690319 122.262293 59.779702 0.820984 0.682907
149.586178 122.558838 59.100067 0.837049 0.678842
149.291484 123.166212 58.715394 0.845562 0.678427
151.693988 123.755000 59.310406 0.862192 0.683268
150.360405 122.475890 58.940163 0.870435 0.694316
148.836479 124.931815 59.310863 0.875079 0.682955
148.513584 123.451238 58.840010 0.870919 0.665847
146.445191 122.092350 58.752962 0.865940 0.659074
149.586679 126.557486 58.068028 0.872598 0.662380
149.651957 125.751399 58.437951 0.874591 0.669019
152.446293 121.343977 57.415373 0.860712 0.661984
153.522199 122.742943 57.177096 0.873706 0.661352
153.077950 124.569867 56.607411 0.875058 0.662769
151.189556 122.965127 55.739619 0.857503 0.643675
151.731485 123.395710 55.299284 0.843687 0.651813
150.011655 123.878323 55.632834 0.845639 0.646356
149.807076 121.208510 56.479832 0.861462 0.657105
146.460229 121.773557 55.918930 0.866993 0.656306
142.096396 122.331053 56.165216 0.861704 0.659333
140.073196 121.695358 55.953067 0.867306 0.658842
141.485500 119.312281 55.577723 0.858371 0.650623
137.660492 120.019241 54.903666 0.845221 0.653618
140.573907 121.963449 54.728820 0.857374 0.649569
141.504957 122.920759 55.218926 0.865885 0.647589
142.807070 122.431424 56.022540 0.863957 0.660149
145.383264 120.873130 55.307264 0.874119 0.656894
145.143169 119.767922 55.679453 0.880480 0.664352
143.456232 120.809330 55.077126 0.893923 0.667845
145.286255 123.032689 55.169028 0.884756 0.668185
144.042580 124.006873 54.074508 0.893080 0.674407
143.302615 123.342018 55.164691 0.888431 0.688417
143.047286 124.096520 54.449567 0.903833 0.688520
142.429978 123.034459 54.433155 0.913266 0.694466
141.438469 124.078939 55.251841 0.900126 0.689970
138.731028 122.304389 55.060072 0.891114 0.677179
140.673628 120.445923 54.729476 0.905906 0.669751
138.905772 118.787392 54.142025 0.902372 0.662134
140.741105 117.852494 54.314144 0.905084 0.649363
141.141173 118.013130 53.852221 0.900661 0.642698
141.563496 120.812711 55.023638 0.905223 0.649699
138.846246 120.292065 53.840381 0.899128 0.652926
138.692054 119.584851 55.501409 0.900603 0.649070
135.812215 120.232008 55.099519 0.902427 0.643046
134.620352 118.677958 55.325794 0.910204 0.639079
134.873664 120.149725 54.939042 0.897985 0.644609
136.752596 118.103534 56.205949 0.894027 0.648773
136.110511 117.142865 56.530289 0.905971 0.654323
136.584264 117.144074 55.536474 0.901786 0.666125
136.465859 115.498182 54.424105 0.891270 0.643485
138.659176 117.246827 54.617722 0.899954 0.647962
140.289216 114.858076 54.675120 0.917924 0.633373
139.324961 115.564666 54.793140 0.920652 0.619642
136.960025 115.479066 55.052293 0.933210 0.626365
138.185741 116.608081 54.498473 0.917112 0.636814
136.751564 115.406562 54.119103 0.922506 0.642980
138.723343 114.989427 53.580673 0.932993 0.637902
139.678085 115.324575 54.186361 0.929571 0.653764
141.047968 114.281941 54.380563 0.935841 0.668263
144.356272 114.334283 53.847327 0.948247 0.660811
143.389829 113.891767 51.879029 0.943982 0.658437
142.063924 113.741153 51.895198 0.941107 0.658513
142.231894 112.192463 52.336289 0.923738 0.656485
141.298387 111.225540 52.148880 0.929235 0.646695
141.864013 112.350097 52.938678 0.936225 0.657293
143.636650 112.378847 53.360471 0.947181 0.659918
142.149085 111.922932 53.495032 0.950746 0.664213
142.109144 114.560296 53.273295 0.954953 0.652110
140.586717 113.881898 53.666317 0.953374 0.648672
140.830837 116.603242 53.614443 0.964628 0.636077
145.312073 116.021433 53.691760 0.971069 0.637737
146.190025 116.357134 54.098238 0.966876 0.646628
142.669494 115.193509 54.595984 0.954312 0.645619
144.895819 115.336072 55.060537 0.966397 0.666976
143.115078 116.474869 55.187455 0.949489 0.671705
142.646605 117.210553 55.469369 0.938701 0.692576
143.883859 116.908999 55.960440 0.940408 0.691887
142.588588 115.601460 55.704714 0.941039 0.690429
142.032700 118.402504 56.469094 0.960472 0.697177
145.567055 116.080406 57.788388 0.954540 0.709890
147.065373 115.359492 57.456185 0.957118 0.712057
152.912346 116.834766 58.273986 0.979086 0.722490
154.919376 116.199941 57.592431 0.982152 0.723682
150.815831 116.855932 57.498259 0.989854 0.728937
150.438531 115.012273 57.806281 0.997492 0.733065
150.381740 113.299645 56.799904 0.993222 0.725574
153.192430 112.929853 56.827326 0.994484 0.740774
149.643860 112.624649 56.389212 0.998194 0.740018
149.109406 110.009172 56.940682 1.012540 0.754992
151.989797 111.263454 56.676940 0.991452 0.758324
151.641874 110.442704 55.790983 0.962848 0.741754
156.543215 110.131613 55.383417 0.970846 0.753772
157.832181 108.345793 56.409050 0.976585 0.759466
158.440055 110.210867 57.330623 0.990622 0.763201
159.033697 110.436248 56.287925 0.999647 0.760716
155.692450 112.367139 55.530550 0.998869 0.754616
156.030958 110.087062 55.247044 0.997181 0.740197
151.804438 109.944635 54.315821 0.996309 0.731293
151.866344 110.331539 53.419459 0.984877 0.737690
152.392678 108.717115 54.625070 0.991860 0.733035
156.253997 112.608185 55.022402 0.973613 0.729816
157.120945 114.209148 54.413743 0.969150 0.727598
155.375665 111.682903 54.963780 0.983282 0.730214
156.548629 110.315809 53.948574 0.967412 0.726271
155.100337 107.724382 53.412436 0.957315 0.709726
155.198253 107.008450 54.496536 0.949586 0.716735
153.836418 106.934735 54.389815 0.960715 0.708524
159.239572 104.112182 53.720063 0.982417 0.705160
159.470986 103.974702 54.004952 0.981020 0.702089
159.126852 103.489586 54.895460 0.976209 0.706863
161.500144 102.155483 55.537904 0.970280 0.695141
160.877907 103.074767 56.561549 0.964356 0.694806
163.381028 104.745668 56.611907 0.955122 0.705968
165.441395 105.181007 56.796250 0.949164 0.676910
164.722378 103.889051 57.272434 0.943568 0.676078
160.710313 101.722684 58.202505 0.951433 0.663147
158.887672 100.019888 57.196287 0.948153 0.664426
159.083647 101.101038 57.989875 0.952733 0.661379
160.783673 102.548024 58.028638 0.955100 0.674731
157.642796 102.165930 58.464252 0.945635 0.670078
157.237048 103.525470 59.375230 0.947463 0.665680
158.862942 103.632607 58.841202 0.960756 0.655670
156.094767 103.330265 58.134334 0.976990 0.650717
157.290721 104.353298 58.291978 0.973632 0.638408
155.192493 102.338958 58.748278 0.958900 0.631882
156.122524 101.366102 58.285598 0.959153 0.633810
154.259746 101.821523 59.180432 0.931228 0.628888
153.643521 100.603476 59.655988 0.919854 0.622874
155.024474 99.822342 59.029347 0.928288 0.623584
155.797644 101.189476 58.806874 0.943786 0.630582
158.510789 100.896394 58.123980 0.939288 0.624977
159.815851 102.027027 58.096900 0.958492 0.627739
157.926752 99.601485 57.645550 0.968121 0.617538
156.851199 99.117751 57.079231 0.975033 0.621663
157.019050 98.227153 57.738505 0.968921 0.616784
157.064351 99.285993 57.135574 0.963511 0.616571
155.143308 98.268212 57.091404 0.971420 0.624022
157.638258 98.063838 56.707590 0.970874 0.619583
161.893035 97.990407 56.712401 0.983966 0.626869
162.219699 96.245141 56.263818 0.988272 0.622964
160.444507 95.335153 55.226418 0.982769 0.614990
159.807081 95.463708 55.069876 0.972722 0.617011
159.919662 95.362033 55.261475 0.971389 0.614932
163.150061 94.209463 56.079391 0.973431 0.619713
163.872114 94.986054 56.670829 0.998563 0.619133
163.632171 93.251415 55.933663 0.989843 0.614514
163.704341 93.513296 56.801971 0.981663 0.611841
163.326716 95.508883 56.466702 0.999430 0.615308
162.655049 96.719130 57.158654 1.003569 0.621879
160.439416 94.767182 57.188721 1.005627 0.629920
162.373628 95.400313 57.795278 1.011754 0.640626
163.488564 96.008388 57.056077 1.011957 0.656903
162.145920 94.504709 56.830197 1.011029 0.645503
161.415164 94.066997 57.910918 0.995569 0.642546
156.576920 94.725878 58.419108 1.003203 0.635122
155.825925 93.427292 57.643078 0.995622 0.627371
156.073719 93.892626 57.470306 1.003955 0.627284
155.556678 93.305237 57.162893 1.001544 0.615141
157.507884 94.152877 56.960966 0.988597 0.611381
154.596146 95.620165 56.826554 0.990085 0.598316
155.292953 94.030332 57.660038 0.990768 0.610170
156.337621 93.398155 60.083733 1.031239 0.604125
156.831091 93.430944 61.230061 1.030042 0.612171
158.767624 92.437133 61.831243 1.055845 0.623934
158.076869 93.135960 62.913779 1.062665 0.625918
161.593153 92.029653 63.728074 1.066878 0.626707
163.415861 92.750190 64.431670 1.045066 0.632001
163.631949 92.273228 62.936576 1.052168 0.628131
165.183581 92.857157 63.202470 1.061460 0.615029
163.721487 94.267420 63.859282 1.060243 0.613917
163.839441 93.104522 62.988932 1.060333 0.609381
163.324791 93.122379 63.319249 1.061408 0.601462
161.190782 92.456116 63.488728 1.057811 0.603045
165.655657 93.113692 63.686068 1.061079 0.615470
166.617405 91.128749 62.573900 1.044637 0.606347
167.011324 93.340309 62.185784 1.035536 0.608713
166.976373 93.078566 62.559236 1.013550 0.608076
164.383641 94.855180 63.221387 1.020910 0.603545
164.826148 94.009386 62.373754 1.001159 0.602495
163.180912 93.125599 61.610485 1.002963 0.598551
164.110562 93.490588 62.631159 1.009500 0.597613
164.103321 93.171317 62.938397 0.981418 0.597437
166.354668 92.580905 62.387742 0.978398 0.583308
165.020878 93.951537 61.802304 0.977379 0.582520
164.172690 92.914487 60.643167 0.971749 0.574582
164.180194 94.074199 61.558577 0.951279 0.574228
163.396423 93.324707 62.422099 0.938569 0.574251
157.048234 92.447824 62.508435 0.931256 0.579937
152.449179 93.309891 62.786067 0.938365 0.575421
152.732999 93.580046 63.156517 0.927717 0.566871
150.199270 94.505778 62.849825 0.930831 0.559337
150.939598 94.950370 62.624800 0.943545 0.562578
147.999619 94.095253 64.117833 0.934753 0.558689
145.686977 95.000093 65.296592 0.969896 0.563218
146.623862 95.003443 65.712535 0.971962 0.554005
150.055869 95.533143 65.992338 0.978094 0.548791
149.985292 95.974328 65.909398 0.979375 0.543572
150.749412 95.225183 66.151849 1.005565 0.551563
150.296319 94.909359 66.500682 1.005466 0.563069
151.074164 94.386847 67.233312 1.016210 0.558961
152.546148 92.936048 68.323410 0.994775 0.569537
150.217532 94.675970 66.940494 0.965456 0.581750
149.588792 92.890384 67.389798 0.944736 0.586549
149.157973 92.974310 67.296380 0.923240 0.584989
149.963132 92.680248 66.372504 0.918098 0.601482
153.503277 93.832628 66.308983 0.928469 0.618337
151.859851 94.128494 65.622093 0.921705 0.600502
149.247489 94.246898 67.463402 0.900148 0.594856
147.503503 93.468988 66.043420 0.898384 0.614971
141.964734 92.710975 65.661559 0.891381 0.605741
144.515357 92.157965 64.989123 0.895153 0.603096
146.862664 92.506337 64.774861 0.911425 0.615847
145.067152 90.170218 65.511951 0.880275 0.624146
144.217268 88.648720 65.166715 0.869217 0.628236
144.070837 88.797181 64.880419 0.869719 0.619705
141.305925 90.802378 63.986486 0.854096 0.613150
142.140182 91.850245 64.377852 0.878567 0.625797
142.201538 89.669015 64.587799 0.882326 0.628161
142.498144 89.088131 64.066706 0.891358 0.618685
143.866564 90.697790 65.172128 0.898990 0.625302
143.263289 91.409815 66.255825 0.907787 0.624330
139.898842 89.776380 66.534451 0.906150 0.624818
138.285978 89.747420 65.544668 0.911485 0.622662
134.784255 89.472908 64.358103 0.897024 0.620175
133.024053 89.204769 64.404603 0.895680 0.623077
133.883376 88.877757 64.938143 0.906105 0.621098
135.564716 87.057548 65.128082 0.903486 0.616541
134.721158 87.396529 64.461325 0.897159 0.615594
135.731577 85.752822 64.046637 0.895830 0.618914
139.500203 86.335675 64.946250 0.901654 0.627022
138.037635 85.521752 64.440086 0.912251 0.632141
139.964045 86.132808 64.540728 0.929667 0.643714
140.673666 87.581221 64.959628 0.929984 0.650245
140.572956 87.665582 64.715253 0.936841 0.647375
139.690242 88.153694 64.384409 0.938696 0.658052
145.217873 88.754658 64.729760 0.936423 0.661776
145.719569 88.860658 66.082475 0.957113 0.651799
148.153717 87.461442 66.266734 0.960321 0.642516
146.580258 85.646966 64.708573 0.972153 0.642452
146.309418 83.358039 64.307137 0.977575 0.640840
145.019157 84.118239 65.617710 0.991553 0.630938
142.937555 85.105920 66.418990 0.999616 0.630092
143.740742 84.854402 68.714960 0.993970 0.649993
143.537884 85.831127 69.282055 0.980860 0.648629
144.909881 84.827592 69.201439 0.978165 0.642558
146.453441 84.346076 68.835837 0.972111 0.634850
146.252925 83.342212 69.617811 0.980315 0.632868
145.683385 82.300499 70.634568 0.987743 0.632996
148.381169 81.719606 71.774516 0.994617 0.642593
147.478394 80.033661 70.613961 0.994887 0.642964
143.311648 79.171701 68.977221 0.982571 0.647459
142.987909 79.311558 70.253154 0.976427 0.648272
144.897537 80.894189 70.419676 0.953174 0.649781
146.228765 82.907281 71.174030 0.963396 0.683384
142.627220 81.937752 71.170466 0.969738 0.678957
140.196189 81.853468 71.138365 0.974667 0.674862
138.584325 79.612272 70.214461 0.973262 0.666155
138.175156 79.428355 69.510605 0.973671 0.674824
137.715349 79.534013 70.110604 0.959374 0.668592
137.193160 80.750124 68.956819 0.958349 0.662239
134.644382 81.311165 68.338832 0.954149 0.662864
134.536036 80.646032 67.619959 0.960142 0.666101
135.864904 81.454595 68.212777 0.979475 0.673171
133.023168 82.256437 68.159356 0.984110 0.664619
134.887095 81.753704 68.137089 0.982600 0.658399
136.779725 82.932852 68.213243 0.974482 0.655656
135.692904 83.098806 67.428046 0.976065 0.669261
134.846409 84.173654 68.720900 0.969062 0.675684
135.666812 83.769189 67.823657 0.966999 0.666090
136.393074 84.302409 67.378297 0.972017 0.671313
136.105924 87.380785 67.326883 0.947691 0.660716
135.747572 86.754437 68.099974 0.942218 0.657528
137.511430 87.490664 68.781089 0.935258 0.648446
136.644571 87.760240 68.146411 0.942704 0.640504
137.419325 88.243701 67.553576 0.939922 0.630793
135.814669 88.053987 67.167336 0.950298 0.630365
137.136823 88.436005 67.622428 0.968612 0.625550
140.653966 90.014971 66.994285 0.965362 0.631738
139.815522 90.422178 65.736259 0.971578 0.628679
138.476709 91.740785 64.889316 0.965910 0.624522
136.610377 90.813367 65.963909 0.954353 0.624242
140.041699 90.096795 65.779493 0.959465 0.616017
137.801380 89.002674 65.299691 0.964030 0.616896
137.452278 90.350266 64.411763 0.957452 0.614745
138.342831 90.512355 65.635981 0.955644 0.611524
138.420774 91.492541 66.017051 0.950762 0.617772
135.522402 90.086570 65.826687 0.952610 0.613002
139.420711 90.406322 66.417575 0.933120 0.621978
141.688167 92.180129 67.431656 0.948901 0.622469
141.875572 92.598120 68.097120 0.963303 0.613002
140.330898 89.836376 67.208969 0.968388 0.613434
137.807419 89.615705 67.735014 0.954486 0.615095
134.179674 89.776546 67.084049 0.949134 0.614364
134.132040 91.468141 67.710486 0.946241 0.609018
132.433866 90.559143 67.725904 0.958281 0.611580
135.472794 89.895813 68.844845 0.986196 0.609280
135.350332 88.936234 68.249834 0.973970 0.608204
139.721076 91.841406 67.883858 0.958416 0.603546
143.420410 90.373859 68.442124 0.956649 0.604315
143.558497 87.754985 67.822086 0.950873 0.609869
145.390716 86.051723 67.673752 0.951227 0.621038
144.118696 86.218453 67.903961 0.951117 0.621317
145.797382 86.740955 67.337975 0.958450 0.622542
148.188680 86.625031 66.489708 0.951508 0.630865
146.618255 87.657274 65.455788 0.945824 0.631007
148.593704 87.612302 66.742860 0.951608 0.631448
150.273214 86.063826 68.421533 0.972940 0.635363
148.112955 84.769163 67.943748 0.986961 0.639986
148.454892 83.977750 69.588538 0.982905 0.628275
149.241192 85.673408 70.345961 1.008134 0.630521
149.894755 84.712754 69.491038 0.999024 0.612443
153.983250 84.374470 69.275621 1.006979 0.621402
154.501821 83.490930 67.663069 0.998650 0.619584
154.000847 83.465995 68.067169 1.020058 0.624840
153.123980 82.997225 68.461945 1.010322 0.635977
150.553089 82.940333 67.680293 1.019547 0.639005
150.978923 82.345291 67.493512 0.991726 0.645569
152.304611 80.740425 67.268078 0.976422 0.637686
151.772358 78.925086 67.561244 0.970494 0.629451
153.953796 76.672688 68.488022 0.968278 0.624277
153.478026 75.498299 67.822716 0.954528 0.616247
152.490625 75.903185 66.511306 0.946478 0.617257
152.966713 76.959509 66.347856 0.932393 0.611667
153.566794 78.007866 67.522640 0.934255 0.601957
153.798727 78.997998 67.724846 0.931834 0.598308
154.001472 79.618588 66.590719 0.927710 0.603303
153.723861 79.662918 67.950900 0.928447 0.605355
154.272964 78.533240 67.620551 0.907496 0.602012
154.071213 79.504005 67.072761 0.912511 0.600143
151.975200 78.331179 67.010934 0.904461 0.608010
151.537568 77.741666 65.913060 0.898826 0.593561
153.237274 77.977414 64.817736 0.909231 0.593068
154.266880 79.479819 64.660268 0.899550 0.597721
150.079950 79.641340 63.935164 0.909611 0.601981
152.263751 81.602273 62.185094 0.902533 0.597614
154.534660 81.933851 61.438569 0.893516 0.596300
157.057608 82.379093 61.631229 0.906442 0.594159
154.532723 82.355353 61.531229 0.897692 0.589470
154.485310 83.853737 59.829786 0.903096 0.593284
153.292255 82.861942 60.467841 0.922674 0.592525
153.593156 83.527956 59.874133 0.928587 0.594215
152.513078 81.355662 61.728104 0.923730 0.591362
151.367807 81.806104 62.306937 0.920780 0.599017
152.629337 83.294938 60.782222 0.934460 0.608821
149.450359 83.807960 62.084257 0.934652 0.602135
152.660408 82.608938 60.966933 0.937420 0.592692
152.612077 82.338167 61.157209 0.925511 0.585554
152.599153 85.121641 62.869464 0.927926 0.594257
154.489893 87.220741 63.131043 0.923925 0.589942
153.147203 85.653736 62.615028 0.935414 0.583560
153.950948 86.478966 62.802028 0.929459 0.583917
155.705615 85.895971 61.060329 0.915130 0.581262
157.170679 87.149610 63.185592 0.941020 0.578113
156.246997 88.128808 64.222337 0.956577 0.576802
156.066609 86.964632 64.845894 0.957910 0.582166
155.042193 85.767295 64.630389 0.966139 0.581540
154.050923 85.638983 65.307838 0.971666 0.586122
152.336514 87.256586 65.379808 0.990522 0.596688
153.761919 85.147256 65.586568 1.006124 0.585571
150.357287 86.789319 63.187497 0.998445 0.588635
149.985719 87.764093 63.300885 1.017679 0.582001
149.525210 87.112609 62.172264 1.019316 0.567823
147.645617 86.593987 61.548129 1.026699 0.558957
146.508619 87.046029 62.032049 1.041305 0.563742
146.488277 85.577239 63.473167 1.056469 0.567473
147.755941 86.719939 63.670498 1.077608 0.573693
146.932306 86.506509 64.416053 1.077320 0.575455
147.978024 86.703865 64.914126 1.091144 0.592947
146.790466 85.490125 64.682984 1.075349 0.595093
145.942270 85.485794 65.149402 1.059758 0.579320
145.276495 85.419363 66.245429 1.061678 0.578578
142.807586 86.437289 66.965845 1.054446 0.575493
141.883153 86.634695 65.714923 1.063119 0.576565
142.355016 86.005305 63.728874 1.058561 0.572940
141.961486 85.621110 63.193408 1.076740 0.577019
141.459620 85.663309 62.793186 1.085890 0.584646
141.231180 85.202043 61.677521 1.074180 0.580446
143.396954 85.429430 62.137484 1.082589 0.584986
142.481720 85.324384 61.169531 1.075469 0.581596
143.297011 85.458855 60.909823 1.070365 0.590257
142.255404 85.315485 61.214639 1.082579 0.582872
142.767242 85.988502 59.867954 1.065438 0.583664
143.740472 85.596179 60.182797 1.059034 0.595333
144.160039 87.502430 59.121966 1.058527 0.604098
143.594643 86.004278 58.976738 1.082965 0.613136
144.314705 85.765608 58.323659 1.101258 0.616284
149.522926 86.372411 58.394580 1.088061 0.623538
147.824878 85.984904 57.708210 1.059704 0.628587
146.087056 84.859569 57.382186 1.061881 0.619676
146.823246 83.877807 57.584794 1.070519 0.618846
146.118204 83.090982 57.779678 1.056966 0.610904
145.778858 82.173777 57.735709 1.050870 0.629028
145.009632 81.823008 58.457635 1.066090 0.616605
145.861480 81.407685 58.417808 1.088300 0.616245
152.445251 82.013936 59.147219 1.082669 0.627367
154.379650 81.079397 59.738531 1.070655 0.634911
154.375198 80.504808 58.446440 1.062836 0.631579
154.736637 81.240491 58.626103 1.068005 0.637939
153.778888 82.954577 58.232394 1.045952 0.628992
155.000489 82.364319 57.917941 1.057777 0.638462
155.138907 82.901707 57.053794 1.048701 0.644108
156.239794 83.600235 57.141080 1.039681 0.631468
156.096808 83.531956 56.382570 1.060386 0.629639
153.830675 82.910787 56.010855 1.060269 0.623962
152.588864 85.691180 55.113744 1.047264 0.638046
151.810164 85.459155 55.762965 1.042840 0.628442
149.674900 86.759981 55.929305 1.030574 0.612516
150.306024 89.584530 55.481192 1.037721 0.611141
148.940917 88.102433 55.948633 1.028234 0.605712
148.023823 88.168960 55.518037 1.052611 0.597554
149.347099 89.162350 55.358548 1.060360 0.591566
148.425495 89.981209 55.312053 1.040604 0.594151
150.456136 89.578466 55.294442 1.068697 0.592823
151.159076 88.112440 55.495069 1.056741 0.588386
148.583663 89.899280 56.161913 1.042909 0.590598
148.308611 91.685283 55.333300 1.049054 0.584683
148.654407 92.034901 55.888384 1.039487 0.587911
146.731174 90.441417 55.160505 1.063638 0.580332
145.883953 89.366009 54.460056 1.091407 0.573490
146.283093 87.739689 54.654740 1.064765 0.573905
146.908749 86.990711 54.004624 1.081503 0.573147
149.858435 86.856817 54.090156 1.090089 0.572074
148.728610 86.931013 53.313982 1.096263 0.569093
151.706443 87.410398 53.161355 1.097267 0.571051
150.675768 86.495551 53.255155 1.096829 0.561432
149.323285 85.633773 52.864509 1.085297 0.552568
151.056237 86.173454 54.171316 1.083573 0.566738
151.600253 88.304872 54.386121 1.090099 0.561976
156.369125 88.819500 54.549711 1.089296 0.568676
157.907783 88.232117 55.189467 1.101456 0.564679
159.500984 87.184697 54.810901 1.086981 0.554107
160.660044 88.421735 56.153968 1.096563 0.550630
158.364084 86.398846 56.059715 1.080690 0.549683
158.177370 85.923858 55.330566 1.047281 0.557461
156.159168 85.039289 55.166886 1.056886 0.563468
157.381640 85.010442 53.314606 1.077522 0.557977
157.382402 82.941916 53.433252 1.079164 0.565716
160.602546 82.819692 52.256123 1.090864 0.563144
159.361115 81.182607 51.956004 1.100006 0.561944
160.314980 82.602705 52.337661 1.110130 0.567603
156.664236 83.784726 52.512609 1.094736 0.553517
156.719848 82.963197 53.347847 1.105148 0.556459
159.626069 82.829439 53.466664 1.102468 0.556198
162.612007 83.101546 53.255977 1.105727 0.548855
163.181829 83.319228 52.701266 1.104845 0.555500
163.598353 84.183133 52.478310 1.121657 0.555867
164.847912 83.862824 52.791157 1.156387 0.555206
163.883834 82.403141 52.657531 1.135276 0.558649
163.315480 82.856321 52.340535 1.126033 0.569002
164.214337 82.275323 51.893418 1.110705 0.574870
166.292773 84.030983 52.461046 1.120818 0.575350
166.703767 82.417666 54.048515 1.115160 0.578917
163.953539 82.687161 55.589843 1.111706 0.579381
164.596754 81.883419 55.740930 1.127486 0.577572
165.718985 81.978891 55.406599 1.144752 0.571045
165.702038 84.232645 54.978508 1.118696 0.564826
165.292393 84.901978 54.342839 1.133213 0.566120
167.525612 83.669681 55.036335 1.154741 0.571528
167.073922 82.565991 54.713982 1.134483 0.576977
172.613270 81.035015 55.291125 1.151269 0.579165
173.763122 82.771503 55.675209 1.149221 0.594619
172.645619 83.846304 56.198930 1.150406 0.601110
173.161699 84.045758 55.374146 1.149559 0.599555
174.464568 83.614450 54.874634 1.139911 0.606104
173.756329 85.031616 53.988451 1.154886 0.620419
175.140603 83.212529 54.747563 1.152262 0.607636
178.122185 83.270950 54.768161 1.168145 0.609657
179.960160 84.673869 54.619335 1.182958 0.611434
180.232324 83.339927 54.575369 1.161648 0.619171
181.291797 83.264587 55.853124 1.176838 0.615141
182.126514 81.686637 56.792696 1.194731 0.627529
183.006910 80.912244 56.080600 1.192041 0.615688
184.392600 80.523976 55.907412 1.184710 0.600963
183.170841 78.532538 56.214429 1.155962 0.592669
180.530248 77.784132 54.851657 1.136429 0.590713
180.332196 76.615200 55.709603 1.144100 0.599124
177.609475 75.249300 57.173757 1.147628 0.603846
181.244327 75.864392 57.035658 1.173565 0.620588
178.802303 76.293229 57.887035 1.170137 0.627814
183.275669 77.276873 58.456009 1.191606 0.627684
180.113896 76.886558 58.714147 1.171630 0.641342
180.060587 77.235428 58.332374 1.189937 0.657429
178.322817 76.563163 58.086154 1.187988 0.649892
176.151793 76.756154 58.503778 1.168862 0.650447
177.248561 77.155959 58.441805 1.172296 0.653997
176.795142 75.339171 57.894216 1.170176 0.663720
176.796414 76.444488 56.694487 1.151326 0.649918
173.201880 76.779948 57.587755 1.137584 0.653240
172.156928 76.332084 58.501106 1.134202 0.648422
170.619463 75.838844 58.220059 1.141478 0.642298
168.801441 75.394650 57.971861 1.148626 0.642611
171.625491 76.295671 57.516742 1.137836 0.650564
172.494348 75.448259 57.558665 1.138953 0.639589
172.776407 76.382796 57.574272 1.139431 0.639635
172.599127 75.375354 57.016386 1.129870 0.630293
174.974988 75.937238 57.532763 1.132161 0.623577
176.033758 76.714895 57.047177 1.122716 0.622746
178.697746 77.253261 56.234674 1.126654 0.603797
177.304213 77.326673 57.327591 1.130655 0.620442
176.433964 76.955708 56.338905 1.133760 0.615465
173.508569 77.516515 56.360862 1.126308 0.617234
174.099526 77.367540 56.776881 1.127029 0.619849
176.192025 76.155577 56.565504 1.151819 0.605383
173.265748 74.692750 55.659105 1.125545 0.610564
171.299132 74.343150 55.393977 1.118110 0.618599
171.462051 76.088834 55.257978 1.112110 0.625082
171.265631 75.775181 54.702750 1.123456 0.630903
169.863241 75.017065 54.627309 1.118494 0.620001
171.636239 76.996197 54.170163 1.130778 0.607092
170.392847 75.673317 54.559772 1.148705 0.628092
169.341096 74.693249 54.765257 1.158463 0.631127
169.005007 74.106525 56.299827 1.135572 0.622599
170.460010 74.827762 56.181797 1.149949 0.619931
171.929708 75.207973 56.274930 1.171374 0.633952
172.799833 76.247049 57.160596 1.170337 0.635597
173.159526 75.768594 56.034040 1.143734 0.630785
171.995009 75.716936 56.407073 1.136412 0.617493
173.755370 76.404744 55.948101 1.125370 0.630295
173.244650 77.227674 56.230769 1.130916 0.633791
170.538880 76.999421 55.934732 1.136561 0.632978
171.519813 75.840405 55.740698 1.129701 0.628952
169.465423 76.714162 56.349034 1.108075 0.624146
168.474540 77.231368 55.929656 1.106222 0.621656
171.994017 77.797762 56.277738 1.095482 0.626088
170.197768 77.283986 56.908794 1.092536 0.609107
168.991774 76.807270 56.867746 1.103823 0.614727
169.379380 75.571689 56.383506 1.078628 0.603167
172.080546 75.940223 56.511940 1.061312 0.600588
172.695677 76.374691 55.910966 1.058382 0.601785
172.692555 76.706605 54.996119 1.046726 0.593553
174.251758 77.603223 54.803124 1.044088 0.591612
171.714301 77.453418 54.040608 1.050483 0.578154
171.099302 78.139799 54.559231 1.075836 0.574606
174.684956 76.832189 53.731304 1.089453 0.574967
172.514395 76.047040 52.620989 1.097953 0.591019
175.380253 75.914245 53.730835 1.114209 0.582069
171.509662 76.085683 54.850412 1.100367 0.586325
169.545984 78.016892 55.876430 1.105098 0.583124
173.737744 77.543177 55.705311 1.120475 0.581105
173.784479 76.689989 55.269653 1.137339 0.581138
176.461016 77.899670 55.814755 1.139088 0.591567
173.848622 78.659671 54.226065 1.114370 0.594812
172.995943 78.769770 53.769642 1.123064 0.589774
173.977987 77.308082 54.704705 1.122717 0.609318
171.922328 76.371318 55.122567 1.102192 0.594153
172.632670 76.036786 54.503336 1.091142 0.590548
169.563817 75.521718 53.673551 1.074711 0.583765
170.221690 74.418138 52.571418 1.068364 0.589300
168.233918 72.981576 50.801534 1.061146 0.592970
167.387867 74.498701 50.405075 1.073688 0.593051
166.951558 76.227959 50.137441 1.095608 0.589779
169.456453 75.147217 50.764230 1.081084 0.592545
169.443420 75.377594 51.384991 1.082491 0.593281
171.255449 76.083282 51.587589 1.083623 0.588434
172.081289 76.576092 52.021357 1.072132 0.591872
172.051950 75.875684 50.708220 1.079262 0.583370
169.762630 76.260236 49.859977 1.058399 0.581488
167.475634 77.537817 49.863169 1.052690 0.579399
167.936835 79.780926 51.190208 1.058335 0.579175
168.278444 78.811082 51.575146 1.065589 0.583061
164.172383 78.397123 52.126261 1.060119 0.581353
163.279101 78.693528 52.281119 1.057640 0.584051
160.997825 77.986301 52.476384 1.046591 0.570770
161.018968 78.866063 51.668943 1.021460 0.566299
160.630109 77.597835 51.819404 1.010701 0.554530
163.003651 77.944386 53.120208 1.030265 0.549651
164.645675 79.196730 52.486661 1.024622 0.564200
165.101860 79.069356 53.440153 1.045256 0.571178
166.147512 79.360528 53.235978 1.055951 0.573431
162.557299 79.067573 53.604545 1.037387 0.576472
161.801927 79.145157 53.655630 1.048927 0.584783
159.393301 77.410688 53.551424 1.014277 0.586682
161.352432 78.703567 53.374493 1.030403 0.584438
159.422803 77.022569 54.504195 1.038775 0.593290
155.935681 76.832167 54.206117 1.018882 0.577735
159.191506 77.104340 54.044312 1.043205 0.591099
155.090292 78.802049 55.775393 1.057446 0.594246
157.256448 77.550406 55.358127 1.056735 0.596368
154.681948 77.145652 55.849251 1.053261 0.579009
151.784796 77.039588 55.324523 1.049754 0.579065
155.080816 77.383796 56.483711 1.041733 0.571649
155.401886 77.537357 55.901015 1.038734 0.575935
152.177491 79.995129 55.563196 1.042904 0.585709
151.404182 79.433383 56.170941 1.034954 0.586845
150.543741 77.832188 56.724798 1.037694 0.576782
152.091049 77.772317 55.958145 1.049910 0.571433
151.872601 76.109221 55.438284 1.028148 0.571518
149.288941 75.170931 57.021029 1.029479 0.571337
148.963111 74.762877 57.374631 1.030012 0.576572
149.275584 76.110820 57.126884 1.035439 0.571254
148.825357 77.468609 57.272801 1.036093 0.580854
150.576406 77.314590 56.893241 1.044564 0.596894
149.823303 76.634961 56.398264 1.026603 0.597266
149.285968 76.664485 57.248859 1.025926 0.594048
148.422328 75.468620 56.097762 1.025956 0.601056
149.772993 75.821172 57.259161 1.018851 0.607388
148.356030 75.973688 56.506492 1.009515 0.609349
148.959012 78.116251 54.976137 1.003774 0.604335
150.086545 78.589401 54.927425 1.019394 0.616171
151.634719 79.707418 54.467184 1.026840 0.620746
154.429395 81.082283 54.745156 1.035173 0.636242
160.733731 81.978819 54.624203 1.041620 0.652751
156.769835 82.001271 53.893229 1.024695 0.650159
155.848555 84.859243 54.082202 1.023728 0.653847
156.205344 85.776896 54.227624 1.016249 0.647473
155.104795 84.470004 52.211311 1.025410 0.647590
153.048924 84.958179 52.502041 1.023535 0.651349
155.924547 85.035189 52.678248 1.042346 0.655418
155.149929 84.358029 53.177116 1.021088 0.664627
158.129236 84.234933 53.873923 1.014849 0.672058
160.771383 84.622644 54.576078 1.019218 0.673467
158.115860 84.926542 54.743777 1.008650 0.658444
160.138331 85.832574 55.825005 1.025979 0.655389
164.239085 86.639454 54.893245 1.030517 0.675217
165.831052 86.694183 53.671054 1.027129 0.684549
166.726980 89.054091 54.571672 1.021424 0.683314
162.964377 88.559783 54.443758 1.025965 0.664979
161.468567 88.803818 53.681578 1.004498 0.656303
161.075414 89.468665 54.106472 1.015954 0.662418
162.269816 89.994817 53.329202 1.008947 0.654976
157.503414 89.439812 53.593002 1.010495 0.650498
156.681957 89.746962 53.371955 1.008913 0.641974
156.626423 88.087777 52.854173 1.019107 0.637337
153.812648 89.765444 54.448631 1.031639 0.631161
151.938130 90.959345 54.156826 1.022568 0.629672
150.632077 92.144760 54.784806 1.024939 0.641950
154.061619 89.380736 54.500356 1.034197 0.641642
153.731463 90.260898 54.727863 1.054284 0.646370
153.175495 90.968208 54.395520 1.035977 0.644180
151.776008 91.319067 54.683473 1.035918 0.647570
151.488005 91.894279 54.599955 1.043509 0.645028
150.987739 91.343120 55.150422 1.038485 0.650631
148.115977 92.171017 55.003974 1.020021 0.659310
148.403890 92.978901 54.935803 1.043064 0.651269
150.725446 93.795183 55.134657 1.036252 0.651398
146.382499 94.099031 54.882579 1.041242 0.647857
146.455223 94.735763 54.663560 1.032843 0.647977
142.283244 91.947039 54.556629 1.023116 0.644562
141.742416 88.598420 54.491063 1.025257 0.635487
144.935901 90.044556 53.710847 1.016782 0.639122
143.531378 89.922305 53.346808 1.008728 0.632512
141.670884 88.655936 52.589406 1.000561 0.620906
144.561843 89.461969 53.159293 0.983185 0.620377
147.179883 90.209842 53.176156 0.983341 0.612013
147.327925 87.994610 53.284306 0.991043 0.607421
146.794724 86.756832 52.489662 1.010127 0.601770
149.040026 85.935264 53.594042 0.997518 0.590953
148.914727 85.308192 53.208998 0.997370 0.590465
150.693771 85.513287 51.679591 1.004270 0.588326
147.134530 84.001102 51.227723 0.987739 0.591663
152.029228 84.600803 51.395053 1.006403 0.583690
152.147535 85.030043 50.717572 0.999857 0.578447
149.718778 84.284849 52.022047 1.008475 0.585531
149.956562 85.085498 51.848653 0.987807 0.576972
148.352198 86.026925 52.848664 0.966155 0.589005
148.066173 85.258390 53.170325 0.959318 0.580894
150.217122 84.726530 53.886800 0.963810 0.570279
149.520592 84.801466 53.430183 0.952075 0.559566
148.044868 86.498465 54.178186 0.964168 0.567283
148.209453 85.340381 54.888749 0.956251 0.559805
149.171222 84.888238 54.701459 0.964450 0.562031
149.564808 85.699824 55.162514 0.950620 0.576835
151.097421 85.366580 54.829211 0.929246 0.585253
146.683070 87.151624 54.296196 0.932428 0.596360
149.255081 89.556245 55.262844 0.936020 0.598866
147.542115 89.970727 55.758952 0.933112 0.602680
144.058384 89.233598 55.385520 0.928470 0.595947
142.730214 89.440755 54.207779 0.928602 0.587524
145.758840 90.613344 54.990292 0.918683 0.598917
142.742280 90.171842 54.882017 0.914912 0.592720
143.434148 89.889762 55.327607 0.915896 0.603490
141.586029 87.712167 55.745284 0.903294 0.598881
142.832828 89.282792 56.004724 0.897448 0.606104
143.516428 89.691922 56.256322 0.882195 0.598025
141.478022 88.859344 55.788172 0.868233 0.586070
141.626579 87.615269 56.504937 0.875644 0.584236
140.632066 88.422020 55.412562 0.877646 0.586681
138.225082 87.475745 54.695786 0.860150 0.576223
143.374946 87.033247 55.403533 0.866715 0.589129
147.394360 87.128409 55.946922 0.879872 0.584764
149.590985 89.294141 56.114343 0.889016 0.590649
149.968240 89.085230 57.373892 0.891597 0.590629
150.370314 89.286190 57.361371 0.882503 0.581877
154.598239 91.310006 57.166616 0.871214 0.588602
152.245335 92.022525 57.857912 0.863652 0.580877
152.451346 94.705350 58.105344 0.848401 0.584175
153.594379 94.700476 58.203372 0.841759 0.582630
154.889361 94.787787 57.641010 0.840750 0.590261
154.416647 93.547263 58.111306 0.838784 0.578965
156.107537 92.099857 58.657224 0.837985 0.578798
155.214098 93.306377 57.748859 0.852971 0.574395
154.703475 93.778891 58.190234 0.860127 0.580179
155.203809 93.127117 57.304867 0.843735 0.583048
155.258540 93.298756 57.183899 0.850830 0.579462
155.727909 92.736423 56.322802 0.844294 0.585228
154.981176 93.556306 56.268809 0.825067 0.579296
154.768862 91.599975 56.104924 0.824788 0.577379
153.297402 91.851911 56.471019 0.829668 0.577670
154.467056 89.980743 56.203977 0.834882 0.573611
154.096151 91.746143 55.674870 0.842431 0.566402
152.530698 91.265807 54.945697 0.832368 0.558921
155.438402 93.566026 55.249864 0.845421 0.568697
155.798626 94.258120 55.531763 0.841558 0.574354
156.060229 93.892381 56.237430 0.848466 0.575465
158.920972 92.698005 55.791637 0.835756 0.582486
157.534102 92.005957 55.374932 0.823079 0.583006
153.004846 92.710255 56.461546 0.838669 0.580592
151.430979 94.060200 56.833756 0.848060 0.580428
153.601649 91.777733 57.906005 0.855666 0.592284
154.357598 91.946466 57.320484 0.852981 0.601555
154.677517 92.241403 56.936565 0.857238 0.606665
155.284291 92.297555 56.415037 0.854743 0.604656
155.248835 92.551019 56.854372 0.878483 0.614138
153.152978 93.593571 56.167846 0.884655 0.617627
152.082697 91.925770 55.655812 0.886535 0.621220
149.437863 91.574378 55.513437 0.888891 0.637068
153.399550 92.807238 54.606833 0.896602 0.642210
151.675385 91.290471 53.277237 0.889122 0.628983
150.537512 90.485065 52.226846 0.884380 0.623624
148.611430 89.460606 52.927025 0.886394 0.612927
149.836852 91.448918 53.141183 0.890051 0.621971
149.916402 92.268097 54.112080 0.875901 0.617350
149.490777 90.467492 54.127597 0.871528 0.613731
148.467249 89.764532 53.996263 0.878027 0.616312
151.799470 89.220530 53.964517 0.874138 0.624615
153.362466 90.259403 55.114773 0.868929 0.621184
152.514164 90.046796 53.612670 0.871402 0.621916
152.635652 88.805155 54.131319 0.876088 0.615993
150.282434 85.721400 54.128781 0.874537 0.606594
153.064693 86.294746 53.576198 0.870619 0.600107
151.692609 86.548916 54.615200 0.885356 0.601667
152.372554 87.688380 54.201054 0.886733 0.610478
149.139346 86.664314 54.195782 0.874535 0.605015
150.068689 86.409333 53.905998 0.878238 0.613805
151.299229 86.131975 52.687557 0.864495 0.607471
150.769031 86.664391 52.652756 0.850537 0.612154
148.531473 84.833714 53.359761 0.859313 0.613010
148.298306 82.771439 54.450847 0.865038 0.608217
147.922566 82.953972 54.172739 0.845345 0.619924
145.563171 84.642563 54.875509 0.842407 0.629752
144.542175 84.940341 55.628606 0.839796 0.630697
141.567730 84.878248 55.856503 0.845929 0.632862
140.562615 83.624142 55.354056 0.831616 0.629827
141.576775 83.153115 54.579003 0.837585 0.634939
140.833394 81.942450 55.348244 0.835000 0.636182
136.402493 81.648323 55.789082 0.826435 0.629840
137.310865 82.245882 54.561566 0.808985 0.625474
138.671082 81.143492 54.518457 0.821286 0.624005
137.898815 80.858738 53.702869 0.822962 0.626306
136.583456 79.399781 54.466623 0.811890 0.620619
136.352527 79.650380 55.425568 0.824675 0.621616
139.623597 77.300301 55.739686 0.827937 0.617949
140.681297 75.607558 54.890684 0.809262 0.624286
143.822812 75.362605 53.467896 0.810659 0.620120
144.233591 75.885814 53.449840 0.801687 0.618336
143.966537 76.437407 51.999952 0.808283 0.622368
145.526943 76.803901 52.197998 0.808036 0.625452
145.531340 76.650510 51.387116 0.805171 0.620443
145.378373 74.346750 51.465440 0.809573 0.608229
143.631707 74.227538 51.555748 0.799449 0.622548
142.925743 73.701332 51.397464 0.794587 0.615919
141.914782 72.817106 50.539998 0.790267 0.610674
138.231349 73.617596 50.372418 0.790262 0.598674
139.989025 74.579742 50.687545 0.799567 0.606340
140.652005 74.747826 50.961967 0.811689 0.615512
139.943850 74.469540 50.944411 0.805161 0.617874
136.855846 72.675631 50.562848 0.795527 0.622459
138.492083 72.491648 51.322591 0.810468 0.633832
141.258318 72.340153 51.476115 0.824421 0.634279
139.569779 74.032379 51.609329 0.815016 0.625139
138.935456 74.096682 51.051961 0.831429 0.619161
141.197105 74.580543 51.319487 0.821645 0.619180
140.631414 76.091265 52.088709 0.832302 0.617323
139.729472 77.160566 51.587661 0.835321 0.619865
138.416854 77.792353 52.547478 0.824108 0.619122
137.657295 77.656097 51.424445 0.834189 0.621704
137.438175 77.150623 51.663162 0.850118 0.621332
137.172412 77.087006 51.984061 0.843111 0.629613
135.785567 76.721157 51.687041 0.849849 0.622197
136.632165 77.741872 50.292243 0.852107 0.623500
137.942252 80.793945 50.993006 0.857497 0.632074
137.638046 81.051610 51.287800 0.867245 0.630860
137.357611 80.713716 51.015906 0.863434 0.618032
135.323348 78.754172 51.897950 0.860646 0.605196
137.500382 78.134823 51.298450 0.867272 0.604858
135.807664 76.477729 50.558795 0.857621 0.614827
135.996554 76.354272 51.376830 0.845951 0.597638
138.643161 77.767168 52.218771 0.841294 0.596506
139.698918 78.864485 52.860466 0.840221 0.595507
142.215561 79.123761 52.253837 0.810164 0.586052
142.634138 78.989766 52.985496 0.817190 0.592507
143.766864 80.174564 53.065439 0.816409 0.589495
145.613719 81.575023 53.345503 0.802022 0.592037
144.741190 81.902854 53.649885 0.812548 0.586586
147.230874 83.343709 54.227782 0.829390 0.587968
148.498683 83.194093 54.591263 0.835269 0.584932
148.815737 82.689369 55.768804 0.813165 0.589370
152.007549 82.092600 55.773208 0.817318 0.587973
151.186430 82.608098 54.589188 0.818064 0.583695
151.500788 83.566012 54.563144 0.801696 0.568660
154.463947 82.973980 54.287229 0.804589 0.562693
153.671690 84.371785 53.511521 0.808512 0.553988
151.991993 84.246909 53.772242 0.808691 0.560167
151.625850 85.710131 54.361929 0.786096 0.553416
152.367256 84.137704 55.047554 0.774371 0.555683
151.983031 83.616035 55.044233 0.764484 0.550701
149.494165 83.739353 55.342252 0.776728 0.561191
149.674886 83.778048 54.326167 0.759158 0.566778
151.895329 83.779373 54.018512 0.772216 0.568862
153.817150 82.542854 53.076296 0.785288 0.579955
151.131932 83.225946 52.888453 0.773836 0.576908
146.401689 82.434115 53.836112 0.764420 0.571749
147.456134 84.530325 54.897741 0.785545 0.568977
143.916813 83.450895 54.650121 0.765134 0.559252
144.735978 83.624143 53.523191 0.755205 0.565990
141.422542 82.808839 52.472835 0.748071 0.574285
140.352526 85.208786 52.974002 0.749640 0.572153
137.930209 84.245024 52.936211 0.756546 0.581451
136.207661 83.818772 52.221643 0.761224 0.586532
139.518780 83.860990 52.269697 0.751241 0.600703
136.253039 83.246576 51.971392 0.751788 0.603858
134.546221 82.551977 52.714493 0.756504 0.596814
136.861767 84.192221 52.844834 0.742929 0.596978
135.132234 83.555544 51.705792 0.728919 0.608698
133.971772 82.922190 51.729244 0.735368 0.618852
131.200948 81.661315 50.926243 0.740303 0.607603
129.935140 80.986921 51.498162 0.746877 0.617620
128.336844 80.178664 51.690458 0.727885 0.618127
128.024852 79.975575 51.710507 0.723347 0.619195
127.761760 80.779587 52.559046 0.707643 0.620417
126.666694 79.898600 52.486154 0.706378 0.616205
125.932690 79.536600 52.221861 0.696164 0.610238
125.317423 80.317041 52.805784 0.712179 0.607813
126.571230 80.640399 52.985824 0.707589 0.592901
126.318291 80.004730 52.639620 0.716484 0.589448
128.313655 80.888388 52.699168 0.720492 0.592361
128.540686 81.126268 52.964205 0.716992 0.610155
127.765723 80.055834 53.514235 0.716051 0.611557
127.432686 81.455625 53.236317 0.717406 0.609451
129.910585 81.779518 54.408655 0.730079 0.617875
129.425445 80.407909 55.639251 0.733599 0.616468
130.705274 78.948073 55.761236 0.723334 0.615260
130.657105 79.992836 55.936666 0.727955 0.613760
132.359551 78.544987 55.137418 0.725758 0.624601
131.639812 77.384211 55.737505 0.743654 0.628346
133.016858 76.428069 56.717036 0.739095 0.639690
136.581233 78.495237 57.309431 0.747696 0.649856
137.090000 78.179635 57.064400 0.735678 0.649726
135.329406 77.017219 56.094484 0.723505 0.636834
134.044820 77.027705 57.251745 0.720368 0.640536
132.013664 76.754806 57.395841 0.703165 0.643289
133.213115 75.502787 57.304341 0.696350 0.639462
135.589944 75.836681 57.058955 0.690286 0.642513
134.101351 75.667709 57.405160 0.715649 0.624221
133.869028 76.701530 57.527434 0.703915 0.619177
135.877694 75.605533 57.624010 0.696464 0.630441
134.879520 77.223536 56.703622 0.696866 0.622628
134.006563 75.972623 56.842668 0.689843 0.608286
135.499237 74.832162 55.810157 0.679364 0.604484
134.477261 75.730993 56.552737 0.684462 0.599223
134.380415 75.216138 56.714615 0.689691 0.607866
130.984205 75.796458 57.480828 0.694355 0.606975
129.609481 76.619424 57.157936 0.686237 0.614567
129.125486 77.605167 55.785550 0.673697 0.608253
131.127601 77.467245 55.158259 0.671236 0.603448
132.175495 78.003457 54.892198 0.677852 0.613798
132.496380 78.421196 54.348661 0.680429 0.619285
130.865332 77.431585 54.340946 0.683235 0.632654
130.351937 78.243469 53.942361 0.677324 0.636304
131.922309 79.246635 54.268482 0.679052 0.630972
130.832189 79.984237 55.223189 0.682975 0.641089
129.243057 80.623472 54.164624 0.688543 0.638909
131.724959 79.961865 53.892697 0.683510 0.629879
132.017496 80.257061 54.840229 0.694194 0.639351
136.968736 81.576621 55.729835 0.694330 0.630778
137.773446 81.119799 55.559865 0.682886 0.633003
139.195606 81.673471 55.618394 0.694886 0.638443
140.761756 83.601257 56.766516 0.687942 0.638645
140.514710 82.630479 58.214802 0.691071 0.629793
136.962382 82.570805 57.699055 0.688088 0.622634
135.911429 83.152938 58.423871 0.692067 0.621769
138.240944 84.236157 58.763947 0.690122 0.607566
140.842927 84.120989 58.189786 0.681588 0.615427
138.920641 83.771518 58.921600 0.688875 0.615497
138.836160 83.973030 59.476427 0.697791 0.612745
137.825189 84.633605 60.339908 0.685778 0.611279
136.155864 82.550884 60.777611 0.682624 0.604866
138.825870 80.701201 60.806767 0.699147 0.602245
137.860345 80.120674 60.832962 0.703300 0.609448
139.899492 81.007801 61.288033 0.702742 0.611521
141.044996 81.811989 61.973384 0.709824 0.609233
141.814717 84.659162 63.550823 0.716934 0.617981
139.879921 85.506202 62.935171 0.714788 0.609855
142.639608 85.286822 63.316410 0.723792 0.620125
141.867020 85.375469 63.308614 0.717704 0.613607
145.061645 85.430096 62.683032 0.731339 0.614477
143.805024 84.850332 63.865235 0.728353 0.626720
145.364589 84.978563 62.183287 0.726120 0.622819
149.397897 84.289459 61.488833 0.738856 0.618108
147.733835 83.892247 60.570207 0.731949 0.621003
150.838577 84.224296 61.506392 0.730225 0.620998
153.336768 84.120751 62.466515 0.739593 0.624204
150.554538 83.137144 62.449643 0.748956 0.620152
149.135319 83.650902 62.528204 0.753564 0.622235
148.942508 82.655492 61.827656 0.761005 0.621621
151.463202 84.092927 61.896519 0.747231 0.604836
149.672369 82.421838 62.381026 0.737189 0.595592
148.676826 83.292859 62.297866 0.737501 0.602534
149.057879 83.140141 61.833489 0.720608 0.589495
149.439548 85.678898 63.369280 0.733345 0.587818
151.582569 85.477485 63.936785 0.719983 0.574656
150.535890 84.570370 63.694388 0.712424 0.579887
147.706041 84.428999 64.091118 0.717771 0.578788
148.080060 84.391169 63.905350 0.715620 0.569973
146.729842 83.130226 64.875615 0.706871 0.573503
145.969740 82.392620 64.813725 0.713688 0.579308
147.997408 83.692508 64.960353 0.706098 0.596364
147.598860 83.383150 64.587614 0.697429 0.597056
146.500454 85.340243 65.435129 0.686848 0.593342
148.331884 83.621341 66.586834 0.684118 0.598798
151.845997 82.783495 66.652279 0.685481 0.603982
152.855627 83.607153 64.797784 0.684420 0.599862
152.050238 84.157568 64.806563 0.691132 0.603181
154.093935 83.686403 64.697425 0.697479 0.604347
152.615068 83.565426 64.118112 0.716407 0.607978
154.989507 83.794701 64.587518 0.711590 0.621740
155.360582 84.408576 64.740894 0.716274 0.621331
153.684971 84.574141 64.126639 0.711395 0.623048
157.373922 84.156593 63.753198 0.718651 0.607291
156.219172 82.452728 65.231087 0.716403 0.611008
154.908200 83.080419 66.446106 0.726845 0.621583
155.831482 80.847842 67.642727 0.717118 0.618759
157.179758 80.641621 66.686078 0.727652 0.617682
155.264098 80.790050 67.177610 0.709401 0.605803
153.516574 81.138484 67.225572 0.710167 0.614853
153.592085 81.058257 67.367601 0.719120 0.616098
152.783789 81.179725 67.702036 0.712397 0.628343
153.395680 80.150529 67.747608 0.699540 0.623310
154.347412 79.883789 67.021880 0.690519 0.622053
153.576180 80.321873 67.184752 0.686939 0.620321
152.717461 79.756649 67.432280 0.689785 0.626364
152.038168 78.290445 67.563663 0.683967 0.614987
151.082732 78.060523 66.804055 0.679392 0.622965
150.047426 77.556899 68.660837 0.672083 0.616777
154.173248 77.234062 67.532468 0.676703 0.620160
155.462146 77.780871 66.526407 0.664509 0.613128
155.024827 78.450435 66.726871 0.673153 0.609312
151.825263 80.323554 66.833535 0.674578 0.607050
153.017781 79.480059 67.087951 0.675663 0.602769
156.099870 78.268156 69.529334 0.680186 0.603201
155.558523 77.224918 69.798936 0.675374 0.607875
154.743985 77.055075 69.594457 0.678082 0.603506
152.651057 76.563990 70.457537 0.674254 0.598369
154.543135 76.782448 70.475562 0.674987 0.593404
157.338720 76.076383 69.575611 0.662308 0.601596
155.574812 75.327621 69.452336 0.657400 0.618562
154.004064 73.791037 69.244116 0.657304 0.622635
153.653837 75.724510 70.868604 0.655304 0.622143
154.070530 75.786277 69.821109 0.658844 0.614330
151.154174 76.174481 70.144099 0.664458 0.601995
150.308289 77.080952 71.647936 0.674553 0.605149
148.282766 77.094029 74.088952 0.687838 0.616329
146.534848 76.838623 73.830642 0.680408 0.622325
146.803582 76.770030 73.634799 0.695467 0.629587
146.300393 76.471213 73.637532 0.692386 0.636488
148.003671 77.601041 74.011082 0.690889 0.642218
144.034153 76.933701 73.389650 0.693381 0.633752
146.022958 75.796502 72.951548 0.691081 0.641156
141.723545 74.901998 71.523263 0.708188 0.651747
141.676054 76.187264 71.964660 0.709779 0.649064
142.685017 76.663510 71.336466 0.718528 0.666938
144.578348 77.543521 73.475145 0.727941 0.669425
147.954078 77.558075 73.135683 0.735079 0.694719
148.611094 78.559948 73.055491 0.741125 0.706624
150.007285 77.490757 73.763847 0.738042 0.699776
150.217735 76.416414 72.466049 0.737021 0.702601
148.777334 76.468283 71.409718 0.743119 0.684848
151.211159 76.211628 71.486518 0.729335 0.706318
149.982965 75.426471 71.054628 0.725080 0.705851
152.537304 74.880322 71.195002 0.717423 0.716746
150.773448 74.621877 70.538379 0.708382 0.715648
152.139813 74.785265 70.222248 0.719301 0.728205
154.807754 74.940788 69.364691 0.711326 0.717498
158.532015 74.170934 69.857153 0.706265 0.722248
155.798981 72.991897 68.776423 0.703580 0.709261
158.148605 74.352803 68.236346 0.699507 0.705072
161.228390 73.950710 69.923664 0.699064 0.714325
161.097198 73.787820 68.735502 0.695052 0.707784
160.591069 75.149187 69.239098 0.696559 0.688700
157.021951 74.482720 68.215342 0.690094 0.693332
156.262656 72.603253 68.250633 0.677412 0.674234
155.217344 71.969891 68.155978 0.688067 0.658633
152.933371 71.896956 68.228933 0.693900 0.667202
152.291072 72.581207 68.466209 0.709219 0.668184
154.453387 73.618884 68.359457 0.701100 0.668953
153.055688 73.060291 67.249040 0.702895 0.661941
153.165309 74.355138 66.572173 0.697124 0.652729
155.552675 74.975771 65.468224 0.699569 0.640686
155.647244 74.422727 65.552678 0.719372 0.642018
156.474188 74.431446 64.452645 0.711111 0.638112
160.062536 75.847327 61.879863 0.714348 0.630053
158.760536 75.232623 61.801414 0.697829 0.627799
158.266797 76.423958 60.635581 0.694220 0.624116
160.482374 75.297771 61.292760 0.684816 0.608159
162.341755 77.799037 62.065569 0.697127 0.616569
159.635540 77.510618 62.404353 0.695658 0.617879
159.677312 78.693204 62.461004 0.704620 0.621752
162.358923 78.730546 62.933877 0.711146 0.627867
165.043960 78.283193 63.135350 0.709142 0.627096
163.963587 77.338670 62.263949 0.705113 0.634359
160.329772 77.395049 62.617388 0.721161 0.630048
163.929276 76.758535 62.854812 0.715238 0.624503
160.533297 76.909880 62.217987 0.707873 0.624719
160.209680 77.746993 62.788819 0.711303 0.619114
161.499932 76.289652 61.913110 0.696828 0.622116
164.782051 77.316127 61.769368 0.702253 0.618357
166.326435 76.516406 62.032989 0.696299 0.609952
164.826251 76.090096 61.304854 0.678440 0.604449
165.894129 75.047165 59.515381 0.674253 0.613290
164.602848 76.173981 60.081228 0.670708 0.624876
163.460388 75.902314 61.319645 0.655057 0.629761
163.748722 76.558951 61.763924 0.645096 0.614222
166.336920 76.687031 61.891306 0.640251 0.618550
170.744525 77.467311 62.934147 0.640356 0.618058
172.606089 77.743061 62.932383 0.645963 0.629052
173.689137 78.151523 63.369368 0.656378 0.621675
173.718498 77.424740 64.801386 0.655339 0.628475
176.500155 79.484718 64.639507 0.656094 0.633359
178.442841 79.881355 64.845139 0.651933 0.646979
176.203943 79.592444 64.112615 0.650533 0.642323
177.463158 81.194663 64.611528 0.645736 0.636260
179.896305 81.072886 63.503034 0.638962 0.645900
180.410466 80.862059 62.801195 0.637965 0.645296
179.781635 80.106009 61.106729 0.634118 0.641892
183.475802 80.020408 60.957880 0.633933 0.643911
180.550687 79.093522 61.622073 0.629149 0.640173
179.296185 79.564130 61.694807 0.622678 0.647073
177.922331 79.709607 61.912513 0.612723 0.653470
178.817171 79.595070 62.077350 0.621559 0.654999
182.522609 79.461091 62.471448 0.614919 0.668015
180.878392 79.435123 61.760157 0.601716 0.668721
179.346766 78.023199 59.960885 0.590574 0.666132
178.541532 78.635825 60.072260 0.596522 0.660748
178.229836 78.328701 60.358512 0.590453 0.668133
182.171098 78.213062 59.626580 0.606821 0.646224
179.373658 79.104618 58.881091 0.616424 0.647671
179.873740 80.551474 58.400362 0.620413 0.646749
182.419723 77.384122 58.395701 0.620912 0.645228
183.853606 79.604898 58.690521 0.619916 0.640326
189.667500 79.377332 58.622842 0.612288 0.635839
195.252386 80.925096 57.022241 0.618217 0.632710
192.573576 81.804196 56.373804 0.620944 0.645632
193.741184 81.181488 56.033805 0.610847 0.652099
191.340196 80.204834 55.676521 0.612740 0.653357
192.021681 78.737656 55.688908 0.616029 0.662415
187.897962 78.556900 55.424320 0.613430 0.669356
188.826886 78.048855 55.293542 0.629983 0.685044
187.424071 78.465836 54.977852 0.627511 0.694432
194.096751 79.765506 54.029599 0.627952 0.698654
192.047481 77.402393 54.234960 0.634369 0.683472
189.984600 76.686991 53.978792 0.618361 0.683457
188.280316 76.536618 54.888196 0.629996 0.693568
188.446794 77.955356 54.698617 0.627755 0.673286
189.743661 77.862717 55.907362 0.619270 0.680841
190.056123 77.871745 55.315676 0.621152 0.677494
186.733675 76.361174 55.356680 0.629705 0.667528
183.635555 76.721147 55.261511 0.621473 0.678404
181.816668 74.679695 54.961856 0.625042 0.690286
179.632521 74.542325 55.171844 0.628547 0.685718
179.214210 73.698584 55.064472 0.640770 0.680318
176.497801 73.937932 55.470455 0.650451 0.696913
179.646136 75.474150 55.186768 0.644610 0.703433
181.578067 75.858329 55.237152 0.652520 0.699166
179.973208 77.348365 55.527171 0.647894 0.699870
179.349786 77.574081 55.434713 0.651667 0.702797
178.886370 75.308765 54.677218 0.646672 0.713289
173.520376 74.733023 55.092754 0.645370 0.726282
175.236966 74.565724 55.218215 0.650508 0.712540
175.361566 75.013200 54.823437 0.635406 0.711888
174.141164 74.124189 53.572789 0.635366 0.721839
177.253504 75.535228 54.451005 0.627929 0.717552
177.959623 73.260563 54.023597 0.634877 0.719067
178.087325 73.667022 55.019703 0.636415 0.719244
176.930688 73.296961 54.186275 0.636570 0.734769
174.194195 73.468732 53.924056 0.635678 0.741182
174.205457 73.391093 53.276017 0.642797 0.732691
177.981331 73.853606 53.589970 0.632929 0.732854
180.385252 73.293533 54.179762 0.649604 0.726111
178.263193 74.630657 55.754153 0.657076 0.741098
174.422742 73.662669 54.739952 0.645753 0.728807
174.623693 74.530559 55.102716 0.644145 0.729208
171.013184 74.680779 55.110785 0.653506 0.726024
168.324221 75.108553 54.938577 0.655725 0.729975
171.396408 75.556856 54.406802 0.658155 0.725296
169.387908 76.453885 53.182355 0.650407 0.739340
172.831750 76.980779 54.118596 0.636712 0.736519
172.129825 77.277008 54.714050 0.627272 0.735932
172.720676 77.499259 54.580553 0.618944 0.731988
172.817572 76.815620 54.293217 0.617752 0.732616
173.111885 78.392163 54.632998 0.598265 0.740284
175.278864 77.624125 53.482017 0.597179 0.726610
171.146246 76.678856 54.550459 0.597943 0.713789
172.223927 76.967865 55.706747 0.593350 0.714340
